1651 9 12000 1 3e80 9
2194
2313
2218
2221
2241
2259
2304
2196
2193
2283
2260
2253
2267
2149
2261
2272
2257
2262
2212
2281
2191
2236
2267
2231
2286
2247
2244
2216
2216
2212
2293
2322
2207
2192
2214
2286
2258
2216
2293
2240
2192
2265
2232
2241
2307
2185
2293
2240
2139
2260
2337
2284
2157
2288
2185
2138
2404
2238
2195
2328
2143
2238
2324
2119
2361
2261
2178
2336
2102
2228
2399
2209
2162
2326
2235
2115
2353
2315
2177
2260
2247
2150
2304
2250
2288
2271
2107
2379
2180
2102
2445
2268
2149
2273
2270
2163
2239
2334
2260
2178
2270
2192
2234
2354
2162
2302
2200
2240
2328
2062
2351
2405
2124
2170
2304
2226
2176
2335
2309
2182
2217
2228
2202
2332
2232
2283
2257
2119
2396
2151
2127
2461
2287
2077
2252
2353
2107
2278
2387
2187
2169
2240
2273
2254
2236
2286
2280
2132
2241
2282
2191
2260
2398
2207
2000
2421
2273
2088
2388
2298
2142
2214
2284
2226
2257
2275
2274
2187
2187
2288
2289
2193
2277
2341
2083
2181
2363
2274
2210
2239
2302
2100
2231
2321
2211
2303
2265
2157
2223
2266
2216
2277
2311
2242
2168
2230
2203
2287
2395
2086
2244
2289
2138
2329
2216
2286
2307
2070
2306
2282
2119
2356
2312
2194
2184
2171
2325
2183
2319
2354
2042
2267
2303
2225
2211
2255
2388
2095
2146
2447
2128
2136
2485
2189
2103
2247
2329
2248
2133
2450
2185
2017
2368
2338
2104
2226
2480
2129
1989
2467
2310
2013
2415
2343
2109
2171
2303
2386
2025
2279
2527
1986
2105
2513
2265
1944
2472
2445
1832
2314
2542
1983
2177
2591
2176
1828
2354
2707
1928
1917
2780
2307
1745
2235
2695
2158
1953
2563
2230
1794
2504
2766
1833
1663
2807
2810
1720
1627
2508
3096
2352
1069
1989
3387
2716
1249
1693
2970
2841
1664
1783
2395
2767
2074
2226
1952
2089
2671
2603
1483
2140
2827
2399
1527
2227
2817
2308
1640
2252
2684
2269
1700
2516
2529
2009
1983
2521
2242
2127
2298
2315
2122
2246
2171
2307
2250
2366
2077
2182
2363
2275
1983
2437
2382
2091
1977
2485
2441
1842
2158
2812
1972
1849
2580
2519
1825
2163
2622
2232
1817
2387
2543
2092
2118
2327
2315
2093
2309
2269
2157
2523
2135
1833
2631
2419
1789
2276
2721
2011
1821
2514
2707
1786
1940
2818
2399
1570
2311
2932
1912
1831
2587
2481
1810
2194
2612
2211
2030
2295
2289
2339
2209
2021
2506
2429
1889
2202
2491
2227
2093
2218
2538
2147
1862
2514
2733
1725
1929
2912
2233
1637
2451
2767
1876
1902
2597
2549
1780
2022
2885
2293
1610
2377
2823
1789
1906
2848
2373
1642
2221
2827
2055
1779
2586
2628
1695
2058
2898
2124
1735
2508
2613
1805
2044
2693
2216
1928
2456
2399
1886
2249
2532
2250
1998
2258
2538
1982
2130
2504
2176
2119
2352
2242
2165
2255
2253
2298
2160
2275
2230
2219
2278
2170
2368
2180
2131
2313
2284
2265
2134
2317
2376
2070
2136
2494
2208
2040
2404
2376
1992
2144
2607
2109
1999
2549
2209
2007
2407
2346
2150
2174
2317
2346
2008
2287
2557
1993
2149
2502
2148
2050
2443
2365
2031
2310
2371
2089
2215
2399
2178
2239
2196
2387
2279
1940
2368
2496
2093
2151
2295
2215
2340
2313
2033
2351
2316
2069
2360
2292
2128
2329
2322
2054
2212
2464
2156
2123
2450
2194
2029
2364
2351
2187
2059
2403
2349
1864
2516
2393
1843
2449
2444
1914
2245
2497
2128
2149
2388
2257
2014
2309
2394
2221
2145
2222
2457
2090
2042
2518
2287
1983
2433
2320
1906
2355
2410
2137
2151
2342
2336
1970
2315
2546
2048
2053
2468
2250
2076
2265
2396
2234
2042
2373
2310
2056
2275
2439
2226
2064
2315
2305
2079
2291
2424
2096
2183
2372
2121
2273
2288
2250
2301
2128
2251
2346
2132
2313
2370
2075
2206
2279
2299
2255
2196
2361
2173
2169
2272
2260
2335
2194
2201
2333
2174
2140
2376
2256
2261
2215
2168
2351
2200
2208
2420
2174
2080
2378
2287
2112
2303
2408
2138
2055
2423
2281
2091
2327
2371
2262
1940
2309
2548
1984
2215
2548
2021
2071
2468
2261
2195
2174
2320
2324
2043
2233
2483
2224
2023
2419
2265
1966
2394
2428
2137
2172
2232
2247
2291
2122
2424
2338
1928
2349
2357
2076
2301
2370
2165
2176
2237
2277
2256
2230
2343
2183
2148
2256
2259
2349
2196
2228
2260
2130
2250
2314
2266
2231
2203
2319
2137
2122
2472
2191
2215
2330
2045
2330
2235
2262
2390
2052
2196
2386
2167
2183
2375
2325
2073
2171
2376
2201
2231
2301
2316
2215
1975
2358
2465
2043
2239
2457
2113
2043
2369
2381
2242
2063
2302
2466
1926
2182
2593
2228
1974
2298
2435
2065
2109
2494
2405
1966
2155
2398
2219
2187
2271
2443
2155
1956
2337
2536
2088
2037
2459
2430
1838
2198
2715
2077
2014
2350
2492
2056
1825
2805
2429
1689
2334
2458
2198
1980
2356
2716
1828
1991
2623
2229
2139
2082
2559
2367
1705
2373
2521
2288
1927
2167
2766
1998
1807
2648
2518
1966
1927
2551
2514
1717
2263
2745
2127
1852
2225
2653
2227
1784
2470
2589
2069
1805
2438
2731
1987
1797
2693
2492
1748
2045
2777
2473
1556
2203
2841
2142
1846
2276
2666
2170
1908
2271
2366
2369
2277
2028
2233
2330
2297
2178
2209
2321
2146
2294
2396
1996
2178
2438
2427
2001
2024
2549
2291
2121
2197
2275
2371
2090
2195
2399
2203
2247
2205
2186
2350
2135
2282
2322
2146
2321
2169
2235
2311
2174
2276
2268
2227
2217
2209
2313
2263
2129
2330
2248
2163
2322
2200
2274
2236
2176
2298
2218
2257
2268
2187
2290
2246
2154
2304
2252
2265
2180
2203
2408
2139
2192
2311
2223
2250
2240
2242
2247
2251
2236
2244
2189
2301
2268
2182
2276
2268
2193
2193
2331
2244
2160
2260
2324
2185
2169
2347
2221
2206
2230
2269
2263
2139
2370
2293
2066
2281
2334
2157
2245
2333
2191
2210
2265
2269
2138
2279
2364
2192
2142
2298
2311
2114
2299
2305
2191
2207
2243
2301
2189
2268
2309
2130
2205
2328
2251
2167
2319
2325
2075
2174
2447
2139
2212
2378
2159
2259
2156
2224
2349
2252
2199
2236
2240
2182
2319
2232
2186
2386
2159
2090
2430
2221
2141
2427
2122
2204
2297
2151
2339
2298
2197
2213
2227
2218
2311
2217
2215
2354
2145
2167
2303
2250
2204
2302
2240
2185
2252
2202
2308
2252
2263
2241
2097
2286
2388
2145
2232
2374
2065
2254
2307
2191
2320
2236
2223
2235
2203
2244
2276
2206
2345
2266
2037
2263
2380
2212
2137
2352
2255
2093
2298
2315
2183
2258
2325
2114
2232
2311
2178
2301
2328
2188
2106
2276
2297
2278
2231
2229
2287
2165
2201
2339
2222
2161
2431
2201
1990
2421
2311
2089
2330
2340
2120
2148
2318
2363
2201
2155
2347
2186
2148
2342
2266
2238
2213
2302
2142
2151
2427
2236
2129
2363
2263
2089
2218
2413
2293
2039
2331
2346
2034
2334
2313
2218
2187
2264
2339
2063
2256
2473
2166
2151
2295
2214
2202
2265
2394
2238
1996
2403
2271
2078
2355
2330
2149
2262
2304
2087
2264
2384
2234
2195
2203
2269
2249
2222
2303
2354
2055
2217
2405
2162
2223
2340
2248
2164
2219
2271
2253
2224
2289
2288
2154
2212
2248
2292
2252
2270
2236
2165
2306
2204
2249
2314
2173
2246
2253
2206
2246
2248
2291
2293
2113
2252
2254
2276
2278
2182
2318
2158
2177
2304
2272
2251
2173
2339
2188
2176
2332
2129
2298
2420
2048
2210
2292
2223
2316
2134
2287
2383
2068
2054
2458
2668
1795
1893
2690
2526
1983
1713
2514
2960
1943
1511
2415
2815
2310
1798
2124
2362
2488
2440
1871
1803
2468
3009
2423
817
1959
3840
2727
753
1549
3622
2844
1249
1755
2906
2558
2119
1884
2227
2246
2642
2395
1743
1944
2829
2505
1647
2077
2860
2179
1917
2166
2479
2339
2068
2131
2378
2325
2118
2092
2421
2410
2106
2006
2340
2567
2017
1983
2605
2330
1998
2047
2446
2525
1980
2059
2499
2346
2011
2173
2439
2251
2216
2159
2167
2419
2311
1925
2403
2391
2125
2107
2280
2505
2095
2065
2481
2183
2141
2242
2301
2408
2114
2019
2516
2214
2097
2344
2295
2213
2240
2139
2190
2527
2101
2024
2529
2210
1956
2429
2371
2083
2254
2242
2240
2334
2125
2234
2397
2183
2136
2295
2155
2322
2337
2034
2374
2289
1978
2350
2501
2015
2119
2481
2249
2019
2259
2495
2116
2051
2445
2324
1995
2256
2548
2134
1992
2392
2393
2050
2246
2450
2085
2176
2371
2160
2196
2394
2227
2129
2316
2289
2184
2164
2367
2300
2131
2252
2276
2189
2272
2354
2179
2151
2321
2264
2199
2294
2359
2095
2215
2327
2200
2286
2224
2269
2271
2157
2231
2336
2207
2252
2276
2257
2221
2149
2370
2253
2144
2326
2269
2157
2199
2356
2302
2121
2196
2402
2142
2148
2467
2167
2144
2304
2193
2230
2246
2284
2284
2077
2321
2384
1977
2341
2403
2051
2310
2311
2131
2177
2427
2255
2030
2335
2355
2076
2238
2413
2232
2080
2211
2508
2066
2054
2613
2152
1984
2445
2236
2087
2381
2299
2150
2222
2305
2282
2056
2355
2425
2001
2187
2470
2189
2006
2466
2365
1918
2329
2505
1967
2225
2524
2148
2092
2234
2437
2156
2066
2560
2237
1917
2351
2500
2070
2134
2485
2204
2081
2354
2293
2139
2279
2297
2252
2114
2247
2463
2129
2153
2383
2260
2064
2290
2449
2118
2137
2439
2237
1998
2346
2429
2151
2195
2327
2294
2012
2302
2536
2076
2092
2468
2213
2005
2388
2426
2077
2123
2467
2201
1962
2514
2436
1946
2108
2590
2174
1887
2523
2430
1957
2220
2424
2069
2215
2402
2271
2149
2169
2438
2115
2008
2639
2292
1784
2496
2420
1861
2365
2506
2083
2050
2408
2354
2012
2304
2459
2117
2050
2382
2353
1984
2323
2593
1965
1999
2591
2146
2054
2547
2233
2038
2243
2356
2239
2121
2316
2415
2017
2137
2492
2192
2125
2305
2410
2040
2105
2530
2198
2120
2413
2191
2081
2327
2276
2352
2128
2198
2457
1980
2199
2504
2223
2133
2240
2369
2124
2104
2528
2288
1959
2343
2297
2187
2266
2227
2416
2097
2099
2405
2259
2171
2246
2458
2065
2017
2496
2241
2171
2357
2223
2178
2195
2232
2445
2162
2125
2437
2207
2025
2314
2519
2032
2210
2445
2021
2181
2405
2374
2153
2103
2315
2335
2086
2265
2495
2099
2045
2433
2345
1935
2287
2590
2121
2011
2285
2437
2154
2111
2520
2234
1902
2298
2535
2161
2091
2348
2366
1944
2235
2591
2057
2192
2375
2234
2073
2198
2479
2230
2188
2218
2235
2167
2193
2453
2380
1937
2230
2448
2096
2301
2205
2345
2267
1964
2425
2350
1982
2371
2464
2023
2092
2266
2482
2185
2163
2368
2080
2241
2283
2278
2311
2135
2266
2283
2111
2307
2236
2349
2294
1965
2359
2321
2141
2284
2337
2223
2052
2250
2457
2135
2210
2389
2191
2038
2312
2402
2142
2311
2188
2247
2170
2243
2325
2220
2295
2229
2108
2302
2357
2108
2297
2291
2223
2092
2302
2351
2217
2179
2249
2283
2198
2158
2349
2391
2136
2111
2282
2386
2151
2128
2398
2422
1888
2236
2403
2349
1996
2239
2469
2181
2071
2232
2376
2332
2134
2214
2146
2272
2528
2079
2094
2354
2220
2373
2085
2175
2377
2242
2379
1968
2197
2456
2209
2319
2057
2252
2427
2072
2291
2282
2186
2337
2092
2322
2337
2057
2376
2222
2192
2265
2195
2323
2209
2234
2305
2167
2217
2323
2175
2291
2261
2191
2298
2148
2311
2250
2139
2383
2190
2188
2351
2152
2260
2272
2208
2292
2152
2324
2268
2126
2370
2137
2248
2309
2169
2323
2145
2307
2281
2128
2319
2230
2185
2321
2217
2250
2227
2234
2317
2099
2296
2320
2150
2309
2213
2247
2233
2205
2303
2239
2216
2293
2193
2224
2317
2172
2261
2267
2216
2231
2195
2359
2200
2190
2313
2193
2213
2282
2243
2290
2194
2208
2334
2122
2280
2315
2166
2307
2257
2155
2209
2343
2226
2197
2308
2237
2178
2251
2270
2275
2254
2133
2339
2206
2116
2485
2153
2117
2427
2155
2102
2398
2275
2200
2281
2174
2263
2215
2222
2329
2270
2161
2267
2262
2108
2388
2311
2070
2344
2280
2085
2323
2351
2128
2267
2275
2175
2224
2257
2326
2243
2163
2226
2292
2162
2302
2359
2138
2232
2278
2162
2263
2372
2155
2177
2355
2235
2145
2228
2389
2239
2121
2282
2262
2197
2279
2299
2217
2176
2234
2313
2150
2270
2416
2066
2244
2323
2142
2252
2282
2339
2191
2147
2333
2203
2164
2412
2224
2152
2249
2238
2280
2169
2349
2277
2064
2293
2324
2186
2195
2385
2242
2083
2247
2311
2200
2316
2256
2171
2267
2165
2280
2277
2204
2378
2163
2113
2359
2279
2083
2355
2359
2075
2178
2343
2237
2229
2298
2183
2246
2212
2232
2348
2192
2239
2277
2148
2204
2374
2200
2172
2370
2218
2153
2228
2282
2297
2252
2204
2231
2221
2219
2302
2226
2251
2207
2205
2244
2260
2301
2200
2253
2265
2198
2185
2255
2365
2232
2186
2214
2190
2260
2328
2185
2302
2265
2112
2308
2245
2232
2259
2262
2257
2153
2274
2213
2253
2332
2217
2141
2224
2287
2305
2221
2228
2295
2120
2255
2311
2232
2234
2250
2311
2097
2257
2318
2173
2303
2311
2203
2093
2270
2465
2080
2129
2560
2048
2080
2497
2189
2188
2254
2335
2175
2091
2448
2274
2092
2321
2381
2057
2069
2594
2294
1828
2534
2411
1820
2389
2453
2096
2137
2454
2365
1833
2321
2606
2010
2085
2499
2325
1899
2237
2641
2133
2028
2465
2090
2159
2574
2155
1981
2403
2466
1970
2141
2444
2164
2303
2508
1977
1659
2786
3133
1444
1155
3319
3374
1031
1175
3305
3301
1310
1556
2597
2718
2303
2092
1921
2119
2743
2602
1497
1965
2942
2617
1609
1843
2769
2529
1934
2092
2383
2420
2135
2000
2483
2339
2174
2108
2252
2454
2108
2144
2339
2401
2143
1889
2611
2442
1800
2328
2593
2000
2065
2383
2453
2096
2096
2491
2213
2022
2321
2435
2178
2167
2330
2187
2237
2339
2107
2299
2350
2178
2076
2354
2465
2033
1960
2816
2132
1696
2543
2656
1895
1987
2562
2439
1797
2160
2792
2218
1720
2472
2605
1933
2115
2461
2324
2208
2151
2091
2485
2288
2059
2200
2488
2174
1977
2425
2537
2026
1885
2642
2526
1676
2101
2943
2123
1643
2557
2663
1761
1990
2859
2396
1567
2273
2863
1998
1768
2610
2577
1788
2063
2671
2308
1751
2401
2671
1860
2055
2549
2284
2103
2255
2252
2272
2135
2254
2433
2106
2175
2300
2273
2192
2202
2234
2464
2186
1905
2496
2375
1973
2184
2546
2237
1860
2350
2617
1969
1930
2737
2289
1672
2455
2718
1896
1914
2697
2329
1785
2235
2762
2093
1721
2741
2458
1612
2300
2866
1904
1916
2665
2234
1942
2313
2523
2105
1905
2558
2555
1658
2261
2904
1782
1992
2680
2267
1918
2241
2749
1989
1779
2782
2367
1698
2451
2644
1906
2013
2635
2313
1799
2426
2636
1881
2007
2667
2273
1798
2527
2539
1751
2224
2758
1963
1937
2722
2206
1858
2383
2548
2023
1966
2715
2269
1622
2567
2685
1656
2257
2791
1898
1906
2651
2413
1732
2339
2692
1871
2029
2694
2181
1865
2540
2422
1860
2212
2596
2154
1995
2486
2233
2015
2332
2350
2239
2079
2290
2385
2065
2223
2382
2142
2278
2238
2225
2269
2015
2512
2349
1879
2373
2422
2062
2186
2483
2208
1975
2417
2383
1976
2292
2409
2194
2204
2143
2400
2192
2043
2551
2312
1903
2247
2562
2098
2025
2476
2345
1975
2273
2434
2104
2210
2414
2201
2092
2321
2361
2139
2173
2402
2293
1979
2328
2447
1981
2312
2534
2039
2013
2496
2305
2028
2379
2403
2007
2185
2466
2129
2185
2374
2273
2109
2178
2448
2174
2166
2416
2191
2094
2319
2330
2170
2213
2390
2189
1978
2449
2357
2050
2393
2267
2078
2241
2340
2279
2165
2255
2315
2160
2121
2427
2279
2061
2285
2453
2045
2066
2550
2262
2109
2244
2223
2268
2200
2243
2438
2148
2007
2391
2322
2171
2199
2349
2297
2055
2324
2245
2189
2314
2248
2286
2116
2108
2457
2336
2047
2307
2266
2104
2298
2371
2194
2188
2267
2180
2280
2198
2240
2427
2133
2160
2308
2174
2194
2407
2332
2055
2208
2324
2208
2217
2351
2264
2098
2231
2308
2270
2181
2280
2347
2133
2094
2408
2311
2060
2403
2324
1999
2155
2463
2313
2081
2247
2428
2133
1911
2569
2456
1918
2241
2442
2139
2041
2447
2427
2040
2103
2396
2294
2071
2292
2502
2139
1949
2405
2340
2144
2259
2354
2253
2041
2240
2395
2250
2144
2321
2331
2067
2140
2406
2434
1999
2130
2606
2078
1955
2544
2473
1887
2185
2522
2130
2023
2454
2455
2076
2007
2375
2451
1975
2282
2498
2125
2109
2147
2472
2330
1955
2369
2443
2047
2033
2478
2474
2018
2021
2584
2288
1802
2431
2607
2122
1877
2362
2578
1967
2037
2709
2266
1882
2169
2475
2466
1865
2207
2649
2099
1941
2298
2659
2156
1761
2571
2517
1869
2045
2668
2469
1735
2036
2834
2211
1765
2412
2595
2226
1718
2272
2849
2041
1753
2602
2579
1949
1785
2610
2768
1781
1897
2636
2396
2053
2087
2333
2375
2223
2226
2049
2306
2434
2232
2136
2251
2136
2314
2449
2139
2073
2295
2416
2205
2026
2302
2452
2177
2150
2203
2306
2359
2066
2309
2303
2190
2244
2136
2433
2249
2067
2333
2254
2237
2213
2244
2351
2149
2239
2283
2147
2352
2216
2208
2327
2169
2254
2186
2308
2295
2097
2327
2297
2166
2222
2312
2242
2173
2258
2309
2189
2216
2314
2230
2215
2216
2269
2260
2230
2232
2235
2251
2281
2242
2112
2334
2329
2126
2238
2298
2311
2129
2233
2330
2179
2243
2287
2253
2205
2239
2275
2197
2247
2324
2175
2222
2293
2262
2181
2166
2455
2159
2082
2407
2226
2220
2211
2309
2262
2062
2369
2310
2103
2342
2239
2186
2265
2199
2332
2155
2290
2364
2037
2318
2250
2227
2300
2169
2343
2157
2155
2452
2130
2221
2372
2070
2311
2258
2179
2357
2165
2309
2191
2115
2387
2256
2176
2328
2249
2123
2266
2250
2274
2308
2169
2236
2250
2202
2267
2253
2240
2327
2145
2162
2363
2276
2196
2234
2330
2120
2237
2328
2174
2361
2204
2152
2270
2209
2307
2207
2251
2371
2078
2197
2347
2202
2316
2191
2256
2255
2083
2424
2231
2144
2349
2196
2150
2318
2302
2160
2292
2286
2165
2216
2253
2267
2328
2188
2237
2249
2113
2400
2227
2150
2390
2218
2123
2245
2384
2186
2154
2359
2241
2128
2234
2327
2324
2147
2166
2378
2118
2261
2409
2098
2275
2307
2151
2199
2297
2325
2178
2223
2299
2204
2117
2329
2353
2193
2197
2321
2170
2163
2435
2207
2124
2334
2280
2147
2181
2418
2266
2086
2280
2354
2128
2156
2460
2284
2043
2281
2338
2073
2321
2397
2110
2210
2302
2287
2085
2309
2435
2066
2202
2382
2185
2142
2334
2371
2156
2059
2415
2265
2072
2459
2283
2027
2266
2384
2120
2208
2447
2183
2154
2267
2189
2276
2293
2222
2307
2159
2164
2352
2187
2252
2346
2145
2185
2343
2222
2149
2400
2246
2105
2238
2298
2244
2204
2295
2277
2207
2181
2167
2362
2354
2105
2211
2332
2164
2228
2277
2263
2232
2264
2222
2144
2322
2255
2249
2279
2138
2289
2222
2160
2438
2229
2012
2398
2237
2118
2344
2288
2195
2226
2323
2145
2137
2386
2341
2081
2197
2429
2162
2005
2408
2500
2007
2086
2469
2227
2174
2247
2255
2265
2381
1980
1991
2648
2659
1674
1745
2907
2763
1419
1917
2963
2489
1716
2243
2261
2137
2509
2774
1531
1386
3311
3281
1087
1076
3362
3367
1448
1238
2548
3057
2454
1557
1834
2643
2562
2317
1837
1998
2691
2469
1965
1917
2386
2745
2074
1960
2149
2580
2349
1907
2191
2646
2186
1985
2152
2673
2236
1868
2359
2506
2141
2046
2203
2660
2117
1983
2312
2457
2117
2157
2401
2271
2178
2293
1983
2399
2575
1937
1996
2656
2323
1871
2143
2708
2194
1940
2321
2384
2213
2109
2328
2372
2049
2214
2330
2188
2333
2274
1986
2353
2447
1979
2149
2552
2257
1908
2382
2375
2078
2127
2447
2366
1999
2135
2496
2211
2090
2404
2189
2147
2462
2062
2108
2554
2199
2001
2367
2357
2088
2208
2398
2326
1988
2260
2476
2129
2044
2511
2357
1863
2333
2468
2022
2209
2460
2161
2143
2375
2170
2223
2385
2154
2225
2312
2130
2327
2288
2100
2450
2095
2102
2575
2124
2092
2459
2253
2104
2274
2225
2302
2289
2157
2294
2229
2163
2315
2261
2226
2308
2181
2236
2264
2187
2392
2140
2141
2423
2178
2124
2299
2355
2187
2135
2294
2296
2179
2241
2367
2183
2117
2300
2308
2139
2257
2328
2181
2227
2261
2234
2176
2331
2291
2187
2210
2203
2326
2178
2243
2339
2085
2243
2372
2154
2254
2297
2177
2234
2231
2274
2227
2214
2325
2129
2277
2253
2122
2368
2299
2143
2243
2273
2234
2222
2245
2375
2126
2125
2441
2213
2103
2339
2378
2117
2093
2399
2316
2102
2336
2353
1989
2249
2460
2151
2123
2373
2311
2097
2257
2297
2243
2215
2269
2354
2118
2157
2415
2245
2101
2375
2260
2082
2374
2325
2161
2139
2384
2314
2052
2297
2389
2163
2205
2329
2207
2171
2209
2453
2238
1965
2466
2325
1955
2353
2466
2085
2127
2403
2266
2062
2301
2398
2068
2265
2346
2115
2239
2276
2389
2186
2048
2405
2253
2044
2438
2339
2049
2218
2324
2231
2089
2411
2385
1953
2316
2368
2088
2241
2407
2201
2094
2301
2319
2210
2125
2339
2303
2155
2266
2245
2145
2298
2428
2106
2111
2359
2254
2099
2347
2392
2107
2129
2284
2335
2175
2271
2329
2133
2247
2244
2253
2298
2132
2354
2293
1980
2414
2323
2044
2447
2264
2075
2190
2405
2322
2036
2414
2250
2044
2279
2323
2335
2115
2262
2397
2027
2199
2482
2130
2238
2359
2142
2153
2273
2407
2143
2212
2360
2121
2168
2393
2340
2057
2315
2312
2056
2285
2411
2244
2093
2332
2269
2090
2283
2443
2167
2112
2417
2238
2028
2274
2583
2087
2032
2502
2135
2082
2441
2389
2077
2104
2352
2330
2091
2277
2533
2028
2041
2448
2285
2108
2258
2471
2128
2018
2370
2363
2072
2258
2532
2095
1912
2488
2454
1941
2318
2425
2104
2030
2371
2581
1923
2124
2611
2055
2002
2493
2400
2057
2154
2463
2179
1951
2415
2535
2050
2063
2423
2235
2053
2363
2430
2123
2050
2319
2473
2000
2178
2578
2117
1983
2355
2415
2098
2170
2495
2260
1864
2281
2542
2148
2219
2236
2325
2062
2181
2550
2116
2178
2288
2241
2267
2077
2306
2487
2041
2237
2279
2176
2329
2085
2553
2178
1847
2481
2361
2129
2209
2382
2278
1951
2241
2585
2017
2236
2386
2151
2201
2155
2406
2250
2168
2368
2109
2135
2417
2157
2311
2294
2120
2218
2247
2370
2207
2190
2361
2119
2159
2343
2241
2313
2143
2314
2149
2184
2367
2194
2351
2188
2154
2338
2181
2239
2296
2208
2359
1975
2294
2445
2087
2242
2260
2254
2294
2035
2352
2435
2131
2169
2183
2413
2278
1940
2411
2547
1883
2177
2314
2452
2069
2085
2539
2144
2127
2399
2058
2242
2509
2213
1994
2110
2611
2297
1971
2287
2221
2334
2299
2096
2216
2328
2378
2105
2092
2344
2350
2202
2166
2322
2207
2170
2345
2174
2249
2315
2151
2280
2248
2198
2306
2181
2296
2240
2169
2308
2219
2288
2203
2202
2293
2196
2279
2263
2166
2317
2263
2117
2336
2232
2200
2307
2180
2311
2210
2169
2345
2192
2213
2306
2193
2253
2263
2231
2236
2171
2361
2199
2195
2351
2124
2304
2233
2199
2303
2170
2307
2226
2185
2324
2207
2216
2286
2215
2255
2184
2329
2263
2115
2370
2149
2220
2309
2206
2317
2146
2289
2267
2111
2335
2292
2184
2245
2278
2217
2141
2346
2332
2076
2298
2235
2241
2247
2204
2413
2032
2291
2367
2016
2384
2247
2216
2317
2126
2302
2168
2204
2497
2072
2185
2396
2091
2265
2250
2330
2243
2091
2372
2209
2164
2332
2257
2170
2270
2286
2135
2250
2353
2250
2116
2301
2256
2127
2321
2371
2168
2128
2311
2250
2200
2253
2320
2236
2151
2292
2211
2193
2333
2286
2133
2279
2304
2056
2367
2367
2102
2231
2243
2245
2275
2178
2324
2307
2045
2301
2280
2147
2351
2303
2168
2149
2340
2179
2195
2395
2232
2145
2213
2281
2260
2208
2240
2345
2133
2209
2370
2143
2244
2353
2175
2159
2328
2188
2210
2356
2234
2243
2097
2238
2414
2133
2220
2418
2110
2134
2404
2140
2223
2392
2161
2186
2281
2173
2265
2332
2194
2258
2198
2169
2349
2261
2177
2282
2291
2096
2276
2308
2116
2411
2289
2037
2304
2236
2191
2374
2236
2203
2235
2172
2279
2266
2251
2221
2264
2250
2141
2311
2231
2233
2334
2149
2184
2311
2255
2195
2323
2248
2096
2272
2325
2160
2319
2277
2144
2282
2174
2264
2290
2244
2279
2211
2211
2159
2361
2259
2146
2383
2135
2136
2419
2158
2251
2382
2082
2246
2262
2242
2283
2216
2333
2158
2185
2223
2286
2330
2143
2319
2267
2046
2324
2355
2123
2331
2289
2111
2219
2327
2296
2119
2283
2358
2151
2103
2411
2364
2008
2391
2325
1989
2324
2354
2199
2219
2305
2233
2115
2251
2390
2235
2165
2281
2352
2070
2126
2600
2095
2087
2497
2081
2213
2303
2263
2279
2106
2359
2309
1999
2382
2399
2081
2195
2327
2328
1989
2312
2501
2074
2216
2240
2167
2375
2257
2237
2140
2270
2455
2023
1978
2573
2475
1875
2088
2551
2179
2053
2584
2166
1772
2535
2787
1801
1430
2951
3199
1457
1118
2948
3400
1679
1261
2546
3014
2243
1713
1932
2511
2838
2188
1578
2037
2950
2395
1845
1952
2461
2579
2176
1797
2267
2716
2345
1541
2301
2806
2130
1720
2581
2466
1946
1982
2624
2355
1968
2146
2562
2134
2001
2391
2376
2061
2352
2202
2139
2277
2395
2022
2335
2434
2053
2074
2504
2310
2035
2255
2462
2115
2006
2492
2505
1860
2204
2582
2165
1971
2370
2508
2131
2097
2267
2408
2167
2080
2350
2458
2021
2151
2368
2284
2229
2157
2213
2477
2166
1962
2386
2618
1947
2006
2551
2341
1955
2146
2641
2344
1748
2149
2893
1994
1709
2722
2624
1599
2082
2885
2129
1729
2446
2730
1919
1799
2664
2509
1794
2263
2535
2083
2074
2383
2337
2184
2153
2226
2299
2300
2154
2097
2516
2357
1858
2176
2740
2023
1779
2790
2434
1611
2190
2906
2046
1676
2657
2660
1651
2013
2980
2174
1520
2551
2893
1590
1891
2991
2221
1732
2405
2594
1932
2013
2688
2383
1757
2180
2794
2014
1782
2702
2467
1729
2300
2597
2075
2085
2286
2565
2076
1864
2671
2336
1824
2423
2513
1963
2156
2396
2304
2204
2161
2425
2140
2080
2439
2358
1992
2247
2556
2030
2041
2533
2251
2024
2410
2286
2099
2294
2277
2326
2110
2215
2443
2034
2240
2439
2109
2214
2360
2138
2149
2390
2332
2048
2271
2425
2039
2173
2428
2214
2115
2371
2283
2013
2320
2371
2193
2135
2319
2351
1957
2338
2576
1891
2099
2640
2160
1885
2413
2592
1903
2050
2743
2016
1894
2646
2361
1914
2219
2552
1997
2031
2668
2222
1862
2407
2521
1925
2145
2613
2162
1898
2483
2435
1884
2273
2579
2048
2018
2537
2173
2079
2450
2205
2223
2239
2156
2368
2250
2089
2389
2380
1965
2275
2425
2074
2196
2521
2156
2017
2414
2326
2156
2213
2345
2264
2097
2257
2395
2186
2156
2440
2138
2029
2475
2349
2050
2275
2456
2076
2029
2485
2394
1976
2210
2519
2137
2037
2401
2349
2005
2376
2455
1963
2175
2442
2234
2161
2289
2251
2154
2213
2365
2292
2069
2323
2338
2035
2241
2459
2199
2074
2396
2256
2011
2329
2419
2109
2255
2311
2117
2242
2253
2382
2205
2063
2395
2212
2131
2341
2302
2173
2186
2249
2299
2140
2291
2386
2134
2219
2134
2291
2413
2100
2238
2357
2141
2127
2303
2359
2233
2135
2279
2329
2089
2211
2447
2263
1988
2323
2402
2028
2247
2447
2235
2037
2238
2374
2193
2188
2399
2286
1974
2247
2442
2162
2157
2440
2214
1978
2361
2352
2126
2240
2402
2189
2046
2332
2354
2194
2210
2299
2225
2133
2183
2472
2270
2042
2362
2237
2097
2306
2374
2297
2093
2235
2316
2148
2214
2400
2312
2058
2198
2385
2195
2118
2447
2368
1900
2256
2511
2123
2150
2389
2257
2190
2043
2357
2447
2066
2280
2342
2073
2130
2431
2364
2127
2207
2288
2267
2074
2268
2545
2091
2016
2503
2238
1976
2363
2501
2181
1945
2348
2453
2039
2193
2524
2218
1903
2341
2425
2251
2104
2223
2534
2028
2078
2410
2295
2304
2122
2257
2343
1974
2335
2559
2077
2012
2391
2418
1981
2156
2685
2124
1906
2362
2423
2196
2053
2415
2465
1992
1955
2549
2440
1974
2176
2483
2335
1782
2260
2781
2117
1819
2475
2543
1945
1968
2646
2524
1748
2098
2630
2258
1990
2243
2554
2186
1841
2346
2644
2093
1932
2441
2556
2003
1734
2817
2553
1668
2131
2668
2399
1672
2161
2988
2085
1628
2410
2667
2274
1694
2329
2834
1969
1857
2354
2538
2328
1967
2206
2367
2158
2332
2212
2223
2240
2288
2221
2249
2136
2276
2401
2245
2079
2145
2424
2378
2099
2071
2424
2372
2037
2178
2453
2289
2028
2295
2301
2210
2249
2233
2309
2201
2206
2258
2225
2277
2269
2211
2249
2284
2181
2210
2346
2282
2084
2320
2334
2105
2282
2268
2282
2188
2181
2368
2200
2207
2323
2194
2217
2312
2195
2207
2284
2306
2201
2154
2378
2199
2149
2336
2250
2220
2202
2297
2306
2109
2245
2384
2134
2248
2312
2170
2303
2204
2256
2221
2231
2353
2135
2227
2359
2185
2161
2323
2293
2193
2144
2357
2336
2057
2295
2312
2199
2205
2230
2341
2213
2207
2317
2161
2191
2403
2162
2206
2366
2156
2226
2207
2308
2250
2213
2307
2148
2292
2249
2208
2343
2169
2244
2278
2129
2405
2188
2145
2469
2089
2162
2345
2211
2327
2203
2234
2256
2187
2251
2260
2293
2272
2192
2203
2255
2279
2254
2149
2382
2248
2078
2307
2285
2258
2235
2240
2210
2205
2286
2259
2275
2228
2250
2180
2199
2345
2234
2209
2330
2206
2172
2290
2206
2288
2316
2191
2203
2212
2317
2254
2212
2259
2280
2161
2154
2465
2206
2071
2443
2208
2097
2336
2199
2340
2289
2080
2372
2157
2148
2428
2190
2193
2358
2183
2115
2361
2312
2146
2279
2286
2184
2227
2248
2280
2326
2135
2267
2251
2111
2408
2309
2114
2270
2286
2147
2248
2335
2289
2157
2196
2376
2124
2154
2390
2289
2183
2217
2239
2225
2250
2290
2332
2067
2284
2363
2049
2319
2379
2145
2179
2292
2246
2191
2243
2388
2250
2051
2315
2312
2125
2255
2449
2122
2058
2478
2135
2162
2400
2193
2247
2195
2201
2388
2135
2209
2438
2076
2169
2336
2236
2241
2266
2326
2028
2260
2416
2054
2350
2320
2133
2276
2125
2322
2328
2058
2440
2238
1989
2398
2254
2206
2298
2243
2184
2189
2317
2244
2271
2186
2236
2341
2046
2229
2503
2084
2171
2470
2017
2154
2449
2210
2195
2328
2170
2156
2352
2167
2261
2324
2095
2332
2268
2057
2339
2419
2069
2205
2406
2120
2122
2471
2236
2111
2330
2140
2249
2325
2183
2351
2154
2193
2349
2174
2148
2358
2395
2036
2148
2527
2114
2011
2547
2265
2039
2296
2314
2196
2197
2397
2190
2102
2395
2216
2117
2287
2548
2063
1781
2557
2864
1605
1775
3087
2583
1482
1937
2753
2608
2045
1922
2186
2444
2455
2384
1762
1869
2913
2885
1616
1193
2859
3471
1965
891
2145
3547
2638
1062
1740
3226
2689
1718
1699
2617
2492
2345
2141
1940
2195
2662
2367
1927
1890
2776
2491
1703
1999
2904
2323
1754
2105
2739
2222
1889
2310
2517
2132
2087
2242
2279
2281
2332
2079
2241
2404
2159
1939
2547
2446
1919
2092
2537
2289
1963
2244
2428
2290
2099
2110
2461
2170
2232
2351
2109
2226
2399
2029
2287
2504
2102
1993
2449
2391
1991
2194
2528
2253
2040
2156
2514
2170
2091
2364
2280
2146
2206
2301
2261
2238
2241
2197
2200
2412
2129
2131
2487
2241
1998
2267
2432
2201
2073
2418
2347
2074
2112
2422
2390
2030
2205
2517
2124
2021
2480
2277
2092
2325
2278
2149
2291
2269
2174
2378
2193
2171
2316
2157
2319
2305
2122
2315
2296
2000
2339
2500
2061
2101
2453
2283
1988
2337
2424
2120
2140
2363
2252
2107
2279
2336
2245
2087
2306
2413
2009
2286
2463
2069
2151
2378
2174
2215
2308
2233
2240
2201
2236
2219
2275
2306
2234
2170
2196
2336
2196
2214
2297
2205
2203
2280
2237
2157
2331
2227
2213
2278
2146
2234
2351
2258
2192
2209
2242
2249
2188
2333
2242
2173
2279
2222
2308
2152
2218
2400
2143
2248
2276
2148
2262
2333
2226
2158
2213
2329
2252
2223
2272
2172
2317
2201
2189
2355
2188
2224
2286
2255
2147
2221
2370
2229
2212
2304
2184
2186
2354
2234
2274
2175
2249
2354
2056
2322
2418
2019
2245
2423
2147
2145
2365
2352
2052
2253
2494
1944
2174
2581
2150
2134
2202
2376
2229
2038
2473
2317
1958
2385
2385
1992
2255
2461
2139
2071
2420
2257
2044
2415
2279
2134
2196
2340
2362
1925
2360
2567
1895
2155
2539
2043
2186
2413
2210
2190
2193
2336
2207
2163
2353
2288
2144
2189
2321
2197
2175
2425
2173
2052
2435
2208
2122
2431
2212
2169
2207
2270
2285
2136
2365
2277
2125
2171
2322
2293
2173
2334
2246
2121
2351
2284
2084
2281
2295
2326
2204
2069
2372
2246
2175
2363
2263
2115
2226
2365
2227
2159
2339
2293
2059
2238
2381
2228
2188
2294
2333
2046
2189
2482
2218
2106
2380
2249
2101
2268
2340
2305
2048
2377
2370
1895
2409
2459
2077
2183
2366
2250
2035
2354
2518
2051
2041
2490
2245
1993
2357
2543
2007
2086
2591
2027
2075
2510
2363
2043
2093
2518
2124
2075
2453
2401
1996
2032
2635
2233
1872
2550
2448
1802
2311
2481
2118
2144
2350
2483
1920
2022
2660
2255
1950
2456
2399
1912
2166
2578
2277
1938
2377
2389
1997
2247
2388
2286
2103
2200
2462
2053
2064
2553
2356
1990
2210
2385
2125
2134
2482
2352
1985
2177
2392
2268
2068
2331
2487
2016
2094
2472
2255
2035
2339
2472
2068
1976
2479
2419
1967
2308
2441
2045
2072
2411
2476
2036
2163
2461
2080
2109
2417
2322
2197
2137
2298
2321
2019
2293
2490
2162
2072
2255
2396
2144
2158
2481
2242
1973
2215
2502
2202
2033
2441
2420
1854
2181
2627
2117
2144
2358
2297
2048
2163
2488
2270
2088
2300
2325
2076
2219
2337
2321
2205
2193
2209
2254
2297
2196
2346
2215
2174
2119
2334
2355
2119
2336
2232
2167
2195
2261
2393
2162
2215
2369
2056
2263
2259
2262
2404
2078
2193
2324
2188
2312
2188
2371
2215
1990
2455
2242
2202
2249
2322
2177
2119
2313
2298
2249
2297
2164
2187
2333
2171
2246
2298
2365
2075
2112
2408
2352
1987
2307
2411
2181
2034
2324
2479
2134
2059
2376
2330
2183
2124
2254
2518
2103
2208
2159
2177
2512
2181
2206
2139
2243
2481
2047
2115
2430
2265
2304
2068
2169
2470
2177
2305
2135
2158
2434
2195
2199
2199
2345
2282
2058
2287
2319
2225
2251
2216
2246
2233
2211
2306
2219
2215
2313
2201
2216
2246
2255
2235
2269
2223
2226
2248
2220
2300
2185
2255
2242
2226
2281
2207
2285
2191
2270
2270
2139
2305
2300
2157
2273
2237
2256
2256
2149
2335
2222
2202
2301
2181
2299
2231
2182
2255
2269
2281
2175
2232
2310
2248
2148
2267
2283
2218
2256
2253
2262
2147
2269
2334
2178
2223
2260
2199
2315
2247
2180
2270
2208
2330
2194
2160
2381
2237
2171
2235
2304
2143
2203
2429
2203
2156
2251
2227
2251
2256
2304
2202
2182
2315
2226
2172
2287
2282
2247
2173
2297
2225
2137
2406
2253
2136
2231
2260
2252
2230
2302
2236
2194
2209
2272
2251
2195
2330
2288
2086
2295
2297
2069
2397
2292
2122
2342
2107
2260
2359
2172
2266
2264
2127
2308
2282
2130
2392
2220
2078
2344
2264
2126
2360
2287
2160
2264
2125
2302
2309
2159
2329
2248
2131
2235
2320
2209
2283
2277
2169
2215
2290
2238
2191
2373
2204
2125
2261
2279
2256
2262
2230
2215
2264
2129
2312
2333
2140
2313
2249
2119
2268
2316
2159
2312
2311
2084
2266
2294
2194
2281
2293
2170
2253
2239
2179
2349
2221
2216
2282
2173
2203
2313
2257
2247
2287
2140
2220
2256
2251
2304
2241
2225
2188
2258
2241
2225
2286
2261
2247
2203
2171
2277
2333
2163
2315
2259
2065
2321
2311
2229
2243
2232
2202
2209
2278
2267
2231
2258
2256
2187
2217
2221
2347
2247
2160
2397
2101
2148
2397
2230
2208
2300
2201
2188
2262
2323
2191
2211
2370
2149
2174
2334
2222
2303
2217
2205
2226
2192
2280
2342
2229
2162
2306
2199
2174
2358
2260
2160
2361
2249
2023
2342
2392
2103
2230
2452
2039
2137
2529
2111
2231
2369
2117
2248
2225
2237
2371
2207
2128
2329
2243
2087
2394
2399
1985
2335
2392
1912
2399
2423
2029
2309
2329
2135
2167
2357
2256
2226
2219
2221
2347
2091
2228
2486
2122
2103
2412
2173
2168
2296
2326
2269
2049
2316
2280
2169
2262
2313
2281
2071
2338
2288
2058
2376
2261
2188
2315
2094
2254
2328
2173
2386
2119
2118
2409
2267
2065
2281
2594
1905
1918
2657
2357
1956
2194
2474
2269
2003
2243
2421
2172
2270
2366
2122
1853
2442
2873
1914
1564
2391
3047
2375
1171
1973
3355
2773
1131
1543
3124
2973
1498
1931
2341
2506
2340
2116
1882
2321
2632
2464
1445
2260
2819
2347
1604
2233
2857
2094
1627
2679
2428
2060
2176
2246
2244
2363
2196
2197
2252
2468
1888
2238
2564
2171
2020
2353
2461
2076
1894
2638
2431
1909
2136
2644
2088
1961
2413
2505
1965
2191
2334
2335
2077
2220
2383
2268
2147
2173
2248
2465
2125
2151
2294
2345
2159
2018
2503
2452
1916
2181
2473
2311
2078
1968
2695
2393
1673
2331
2660
1991
1968
2505
2497
1883
2045
2567
2515
1770
2148
2819
2025
1734
2650
2519
1847
2215
2366
2288
2137
2183
2251
2429
2224
1954
2392
2422
2046
2117
2474
2391
1930
1987
2756
2370
1582
2397
2904
1773
1727
2941
2502
1449
2344
2919
1820
1736
2763
2639
1664
2067
2741
2235
1781
2419
2712
1860
1954
2713
2341
1753
2331
2646
2081
1962
2420
2419
2023
2234
2395
2286
2072
2146
2500
2268
2038
2273
2437
2037
2148
2452
2302
2152
2098
2454
2341
1870
2366
2616
1934
2113
2521
2171
2080
2261
2577
2103
1854
2553
2533
1869
2071
2713
2231
1765
2467
2542
1817
2243
2734
1981
1884
2525
2497
1925
2083
2744
2141
1710
2670
2484
1651
2419
2647
1929
1989
2473
2515
1875
2109
2744
2002
1857
2745
2285
1826
2402
2477
2016
1982
2637
2353
1743
2473
2559
1841
2130
2625
2217
1961
2390
2379
2028
2128
2569
2254
1840
2357
2593
1978
2024
2557
2314
1995
2266
2398
2093
2255
2379
2170
2202
2148
2371
2282
1996
2501
2342
1897
2373
2486
2032
2140
2408
2393
1953
2132
2669
2054
1944
2659
2287
1764
2466
2584
1858
2289
2581
1970
2059
2577
2255
1975
2358
2455
2127
2006
2437
2371
2027
2293
2498
2027
2056
2538
2233
2069
2366
2335
1994
2167
2625
2184
1934
2423
2384
2044
2215
2372
2263
2221
2226
2297
2094
2203
2437
2269
2084
2288
2329
2018
2349
2410
2036
2220
2453
2144
2056
2371
2286
2209
2273
2151
2247
2287
2121
2405
2308
1994
2383
2244
2061
2397
2317
2164
2185
2298
2183
2190
2369
2250
2206
2220
2221
2262
2218
2267
2351
2074
2222
2376
2132
2214
2363
2315
2007
2263
2464
2044
2173
2584
2166
1885
2465
2375
1945
2343
2547
2029
1979
2492
2324
2026
2277
2499
2139
1877
2515
2490
1842
2303
2566
1980
2080
2456
2326
2122
2234
2393
2089
2121
2421
2352
2147
2149
2428
2101
2079
2495
2299
2120
2218
2300
2243
2155
2263
2447
2169
2071
2307
2307
2188
2257
2370
2157
2119
2247
2371
2216
2188
2393
2146
2211
2200
2255
2395
2185
2210
2302
2119
2197
2395
2226
2201
2300
2233
2116
2254
2388
2280
2153
2124
2434
2169
2022
2564
2348
1921
2222
2508
2051
2127
2548
2277
2017
2191
2389
2209
2170
2354
2337
2104
2083
2381
2335
2148
2258
2311
2177
2116
2310
2443
2175
2060
2402
2290
2010
2247
2558
2243
1855
2422
2411
1964
2274
2464
2263
2028
2192
2463
2157
2056
2493
2287
2034
2298
2199
2326
2266
2104
2446
2230
1874
2414
2553
2127
1974
2353
2559
1822
2095
2769
2250
1832
2251
2612
2071
1902
2565
2522
1921
1992
2551
2341
2000
2210
2504
2318
1801
2203
2760
2198
1791
2396
2581
2037
1847
2613
2637
1763
2056
2631
2303
1842
2221
2764
2189
1702
2343
2667
2125
1905
1723
1417
4095
4095
616
0
814
4095
4095
32
8
4095
4095
4095
0
13
3980
4095
4095
16
20
3728
4095
4095
27
5
3904
4095
4095
35
0
3967
4095
4095
22
3
4028
4095
4095
0
16
4087
4095
4095
15
19
4095
4095
4095
27
0
4095
4095
4095
25
0
4095
4095
4095
8
11
4095
4095
3571
0
21
4095
4095
2866
11
19
4095
4095
1996
16
0
4095
4095
1243
22
0
4095
4095
746
8
9
4095
4095
457
0
16
4095
4095
232
6
63
4095
4095
113
22
726
4095
4095
79
29
1939
4095
4095
53
0
3197
4095
4095
36
0
3888
4095
4095
13
15
4095
4095
4095
0
21
4095
4095
3472
8
18
4095
4095
1738
13
0
4095
4095
669
26
0
4095
4095
291
9
28
4095
4095
126
0
1437
4095
4095
45
7
3258
4095
4095
0
21
4008
4095
4095
17
15
4095
4095
3511
19
0
4095
4095
1370
19
0
4095
4095
444
10
15
4095
4095
153
0
1254
4095
4095
49
6
3463
4095
4095
0
18
4095
4095
4095
9
37
4095
4095
2013
22
1
4095
4095
541
25
0
4095
4095
147
3
1376
4095
4095
48
0
3697
4095
4095
25
10
4095
4095
3649
0
12
4095
4095
960
3
22
4095
4095
176
17
752
4095
4095
43
26
3533
4095
4095
32
7
4095
4095
3501
24
0
4095
4095
750
11
10
4095
4095
148
0
1676
4095
4095
46
10
3985
4095
4095
0
11
4095
4095
1827
2
22
4095
4095
241
19
526
4095
4095
41
25
3645
4095
4095
23
15
4095
4095
2280
21
0
4095
4095
319
17
319
4095
4095
58
0
3713
4095
4095
31
6
4095
4095
1936
0
13
4095
4095
251
0
915
4095
4095
16
17
3991
4095
4095
3
22
4095
4095
908
18
16
4095
4095
92
21
2793
4095
4095
19
20
4095
4095
2790
19
0
4095
4095
277
28
734
4095
4095
49
0
4043
4095
4095
25
0
4095
4095
601
3
15
4095
4095
74
0
3646
4095
4095
20
12
4095
4095
1008
0
14
4095
4095
96
6
3330
4095
4095
0
15
4095
4095
1289
4
28
4095
4095
75
23
3213
4095
4095
13
18
4095
4095
1139
14
13
4095
4095
73
19
3428
4095
4095
18
20
4095
4095
809
25
0
4095
4095
60
22
3860
4095
4095
27
0
4095
4095
459
19
458
4095
4095
37
0
4095
4095
3131
27
4
4095
4095
209
0
2078
4095
4095
39
0
4095
4095
1155
3
10
4095
4095
81
0
3727
4095
4095
12
14
4095
4095
371
0
966
4095
4095
36
8
4095
4095
2086
0
11
4095
4095
94
3
3675
4095
4095
0
22
4095
4095
355
6
1170
4095
4095
9
19
4095
4095
1281
4
17
4095
4095
45
14
3979
4095
4034
0
19
4095
4095
159
13
2913
4095
4095
2
25
4095
4095
468
17
736
4095
4095
7
16
4095
4095
1298
6
21
4095
4095
17
18
4095
4095
2871
10
20
4095
4095
63
21
3758
4095
4095
16
23
4095
4095
153
19
3000
4095
4095
10
18
4095
4095
289
13
1965
4095
4095
7
26
4095
4095
469
21
1007
4095
4095
16
21
4095
4095
675
15
281
4095
4095
12
17
4095
4095
954
10
44
4095
4095
9
21
4095
4095
1025
12
33
4095
4095
15
24
4095
4095
1131
13
23
4095
4095
11
13
4095
4095
1007
3
43
4095
4095
0
18
4095
4095
889
8
227
4095
4095
0
21
4095
4095
655
6
666
4095
4095
6
16
4095
4095
483
0
1535
4095
4095
0
11
4095
4095
284
0
2737
4095
4095
4
19
4095
4095
168
0
3572
4095
4095
15
10
4095
4095
100
0
4027
4095
2785
10
7
4095
4095
56
0
4095
4095
1165
13
51
4095
4095
33
0
4095
4095
438
21
2034
4095
4095
34
0
4095
4095
163
20
3645
4095
3927
23
0
4095
4095
56
17
4095
4095
1349
19
0
4095
4095
23
24
4095
4095
342
21
2632
4095
4095
17
27
4095
4095
76
22
4004
4095
2313
12
19
4095
4095
6
12
4095
4095
473
3
2224
4095
4095
0
20
4095
4095
105
7
4076
4095
1931
0
21
4095
4095
41
4
4095
4095
334
0
3054
4095
4095
30
0
4095
4095
70
0
4095
4095
904
17
744
4095
4095
21
1
4095
4095
117
25
3955
4095
2165
22
10
4095
4095
21
26
4095
4095
222
22
3502
4095
3774
6
19
4095
4095
20
13
4095
4095
394
0
3022
4095
4095
2
11
4095
4095
51
0
4095
4095
476
7
2611
4095
4095
28
0
4095
4095
60
14
4095
4095
515
27
2557
4095
4095
22
12
4095
4095
34
19
4095
4095
409
12
2974
4095
4095
0
18
4095
4095
26
10
4095
4095
303
0
3474
4095
3450
15
15
4095
4095
39
0
4095
4095
175
19
3925
4095
1802
25
67
4095
4095
23
12
4095
4095
70
19
4095
4095
738
10
2095
4095
4095
0
19
4095
4095
30
10
4095
4095
257
0
3721
4095
2393
16
16
4095
4095
33
0
4095
4095
90
20
4095
4095
596
26
2706
4095
4095
17
15
4095
4095
14
19
4095
4095
131
10
4095
4095
1011
0
1643
4095
4095
12
7
4095
4095
40
0
4095
4095
167
17
4037
4095
1161
25
1280
4095
4095
23
21
4095
4095
22
23
4095
4095
152
13
4086
4095
1030
0
1847
4095
4095
12
7
4095
4095
42
0
4095
4095
109
11
4095
4095
582
18
2963
4095
3614
13
18
4095
4095
1
22
4095
4095
44
17
4095
4095
260
0
3893
4095
1404
17
1223
4095
4095
30
0
4095
4095
36
15
4095
4095
76
20
4095
4095
370
17
3636
4095
1910
0
659
4095
4095
9
7
4095
4095
37
0
4095
4095
87
7
4095
4095
323
21
3752
4095
1468
18
1381
4095
4095
3
25
4095
4095
12
17
4095
4095
66
2
4095
4095
188
7
4095
4095
681
30
3099
4095
2705
24
205
4095
4095
13
17
4095
4095
7
14
4095
4095
77
0
4095
4095
193
0
4095
4095
632
30
3278
4095
2208
18
675
4095
4095
7
24
4095
4095
0
18
4095
4095
49
5
4095
4095
104
0
4095
4095
274
30
3977
4095
806
24
3025
4095
2525
13
589
4095
4095
0
16
4095
4095
34
3
4095
4095
48
0
4095
4095
69
23
4095
4095
141
18
4095
4095
399
10
3853
4095
1014
0
2876
4095
2585
18
685
4095
4095
22
0
4095
4095
14
20
4095
4095
2
21
4095
4095
37
11
4095
4095
85
0
4095
4095
161
18
4095
4095
316
25
3963
4095
683
16
3465
4095
1489
1
2359
4095
3095
11
529
4095
4095
30
0
4095
4095
29
9
4095
4095
17
18
4095
4095
14
12
4095
4095
58
0
4095
4095
75
0
4095
4095
102
21
4095
4095
148
15
4095
4095
299
5
4095
4095
488
0
3860
4095
786
21
3466
4095
1239
18
2876
4095
2013
6
2005
4095
3161
0
806
4095
4095
15
64
4095
4095
21
0
4095
4095
18
20
4095
4095
0
23
4095
4095
15
13
4095
4095
33
0
4095
4095
31
13
4095
4095
21
25
4095
4095
19
19
4095
4095
61
3
4095
4095
58
5
4095
4095
58
26
4095
4095
43
20
4095
4095
91
6
4095
4095
103
0
4095
4095
103
23
4095
4095
91
21
4095
4095
122
11
4095
4095
140
0
4095
4095
137
19
4095
4095
126
19
4095
4095
128
9
4095
4095
146
0
4095
4095
133
6
4095
4095
115
19
4095
4095
90
16
4095
4095
117
0
4095
4095
101
0
4095
4095
82
29
4095
4095
46
15
4095
4095
75
0
4095
4095
65
0
4095
4095
45
19
4095
4095
17
17
4095
4095
31
8
4095
4095
36
0
4095
4095
30
15
4095
4095
6
19
4095
4095
8
13
4095
4095
28
0
4095
4095
19
6
4095
4095
6
148
4095
4095
0
968
4095
2909
22
2191
4095
1774
20
3042
4095
1126
10
3580
4095
728
0
3898
4095
466
18
4090
4095
291
24
4095
4095
184
13
4095
4095
132
0
4095
4095
81
8
4095
4095
39
25
4095
4095
8
19
4095
4095
33
6
4095
4095
28
0
4095
4095
13
35
4095
4095
0
1152
4095
2433
20
2770
4095
1191
25
3591
4095
588
14
4063
4095
303
0
4095
4095
147
6
4095
4095
63
25
4095
4095
13
18
4095
4095
37
3
4095
4095
25
0
4095
4095
12
414
4095
3025
0
2563
4095
1247
23
3653
4095
509
23
4095
4095
216
14
4095
4095
105
0
4095
4095
50
11
4095
4095
12
23
4095
4095
0
18
4095
4095
31
1405
4095
1842
18
3343
4095
679
8
4076
4095
259
0
4095
4095
95
24
4095
4095
21
22
4095
4095
21
10
4095
4095
25
148
4095
2955
17
2837
4095
932
0
3954
4095
307
0
4095
4095
95
22
4095
4095
0
14
4095
4095
20
1381
4095
2229
19
2972
4095
1372
1125
3080
2969
1435
1823
3168
2236
1573
2530
2588
1974
2112
2555
2239
1978
2425
2349
2001
2350
2478
2002
2169
2382
2415
1902
2261
2718
1959
1970
2643
2269
1938
2348
2565
1979
1998
2637
2263
1847
2502
2412
2093
2083
2380
2413
1999
2332
2467
1849
2232
2755
1954
1915
2783
2236
1745
2468
2607
1823
2246
2680
1959
2027
2541
2362
1954
2226
2529
2174
1930
2477
2461
1874
2333
2494
2041
2135
2392
2371
2107
2150
2412
2193
2048
2455
2363
1937
2327
2537
1990
1979
2716
2187
1871
2574
2340
1824
2331
2557
2064
2061
2508
2244
1976
2314
2490
2136
2111
2248
2383
2098
2177
2508
2135
2074
2411
2224
2056
2355
2472
2026
2201
2391
2098
2192
2431
2150
2247
2262
2189
2259
2115
2370
2433
1958
2202
2508
2117
2029
2502
2370
1984
2138
2508
2209
2035
2335
2473
2113
1992
2444
2308
2019
2485
2291
1995
2243
2424
2139
2188
2392
2260
2018
2270
2488
2119
2063
2484
2361
1875
2298
2570
2046
2118
2508
2263
1807
2389
2641
2014
2093
2427
2325
1967
2202
2626
2166
1943
2451
2360
1984
2232
2434
2295
2086
2182
2364
2243
2162
2339
2358
2067
2184
2308
2246
2352
2185
2185
2300
2210
2135
2365
2326
2168
2280
2211
2128
2317
2347
2190
2215
2262
2184
2256
2173
2398
2316
2028
2229
2416
2079
2232
2495
2141
2135
2246
2300
2177
2271
2401
2138
2165
2232
2284
2213
2223
2442
2172
1983
2400
2341
2082
2301
2352
2213
2060
2209
2522
2131
2082
2447
2313
1931
2146
2663
2286
1915
2293
2429
2038
2235
2358
2339
2164
2075
2440
2146
2082
2527
2272
2043
2186
2384
2223
2131
2377
2324
2048
2185
2317
2365
2142
2170
2474
2112
1992
2373
2444
2241
2031
2299
2449
1938
2089
2731
2179
1960
2314
2347
2226
2039
2415
2495
1904
2140
2496
2267
2035
2223
2595
2179
1791
2409
2520
2167
2035
2346
2527
1820
2124
2673
2273
1931
2191
2634
2088
1824
2586
2531
1943
2024
2504
2369
1914
2246
2640
2086
1965
2245
2526
2311
1833
2412
2573
1996
1883
2494
2669
1982
1774
2748
2440
1639
2289
2701
2288
1749
2183
2827
2043
1809
2511
2564
2092
1740
2479
2727
1988
1810
2601
2576
1878
1870
2664
2519
1942
2116
2274
2369
2194
2271
2179
2210
2343
2244
2193
2169
2301
2297
2282
2236
2033
2254
2535
2218
1993
2235
2416
2270
2077
2219
2471
2152
2121
2287
2281
2255
2186
2240
2381
2153
2134
2367
2198
2284
2230
2183
2338
2151
2275
2265
2188
2331
2145
2229
2340
2190
2246
2238
2234
2321
2067
2316
2377
2085
2294
2238
2245
2249
2180
2291
2257
2203
2296
2208
2221
2323
2138
2247
2351
2187
2210
2222
2370
2178
2120
2357
2298
2163
2231
2261
2283
2178
2222
2367
2139
2232
2298
2163
2361
2165
2214
2309
2207
2235
2211
2285
2286
2187
2260
2208
2246
2277
2197
2314
2226
2177
2312
2176
2287
2173
2279
2383
2108
2198
2250
2327
2267
2138
2290
2231
2246
2272
2142
2383
2269
2026
2369
2231
2198
2327
2180
2341
2150
2184
2307
2231
2281
2260
2242
2175
2244
2280
2203
2275
2290
2189
2198
2293
2236
2199
2308
2289
2121
2291
2214
2244
2355
2147
2314
2173
2121
2427
2213
2196
2325
2218
2150
2284
2272
2192
2322
2267
2114
2322
2196
2141
2466
2166
2182
2288
2148
2331
2219
2251
2299
2163
2204
2275
2277
2199
2307
2301
2067
2282
2336
2099
2359
2316
2149
2252
2119
2403
2235
2133
2422
2121
2221
2335
2149
2244
2331
2233
2191
2183
2311
2262
2145
2387
2244
2102
2188
2371
2305
2096
2346
2295
2082
2236
2358
2176
2246
2383
2130
2185
2273
2259
2266
2222
2304
2268
2063
2260
2435
2088
2243
2367
2136
2179
2320
2259
2191
2367
2194
2098
2317
2245
2282
2289
2154
2317
2160
2081
2514
2237
2064
2379
2229
2161
2232
2338
2241
2184
2334
2175
2180
2305
2253
2297
2173
2219
2346
2047
2308
2482
2059
2209
2302
2204
2207
2286
2337
2131
2283
2255
2137
2271
2264
2333
2253
2074
2375
2238
2057
2509
2272
2008
2309
2347
2163
2157
2400
2267
2098
2283
2297
2190
2211
2356
2341
2083
2103
2482
2192
2106
2481
2248
2006
2278
2422
2128
2191
2441
2188
2120
2319
2279
2167
2265
2332
2276
2022
2267
2504
2065
2143
2495
2197
2009
2377
2426
2049
2252
2375
2179
2171
2219
2311
2305
2188
2262
2296
2038
2336
2447
2057
2148
2543
2168
1920
2513
2317
2099
2255
2216
2394
2126
2063
2498
2341
2094
2103
2252
2404
2369
2026
1964
2561
2739
1409
1903
3167
2495
1482
1605
1376
3976
4095
1344
14
25
4095
4095
35
26
3609
4095
4095
26
19
3297
4095
4095
46
0
2599
4095
4095
54
0
2934
4095
4095
27
14
2819
4095
4095
25
18
2918
4095
4095
34
20
2765
4095
4095
49
0
2943
4095
4095
54
0
2845
4095
4095
25
9
2982
4095
4095
18
22
2868
4095
4095
46
21
2807
4095
4095
51
0
2832
4095
4095
51
0
2947
4095
4095
24
17
2736
4095
4095
33
20
2732
4095
4095
40
14
2692
4095
4095
49
0
2654
4095
4095
56
4
2725
4095
4095
26
10
2758
4095
4095
25
19
2783
4095
4095
43
23
2667
4095
4095
55
0
2811
4095
4095
53
0
2807
4095
4095
19
16
2717
4095
4095
31
23
2758
4095
4095
49
14
2764
4095
4095
48
0
2694
4095
4095
53
5
2764
4095
4095
27
16
2778
4095
4095
32
16
2723
4095
4095
43
16
2718
4095
4095
54
0
2716
4095
4095
57
0
2863
4095
4095
17
13
2759
4095
4095
29
26
2665
4095
4095
54
18
2686
4095
4095
55
0
2754
4095
4095
45
4
3040
4095
4095
0
17
4095
4095
847
6
1850
4095
3433
887
1101
2384
3183
2799
1819
1574
2203
3069
2401
1624
2195
2529
2401
2162
2117
2245
2261
2393
2324
2025
2247
2428
2235
2152
2235
2403
2149
2133
2383
2201
2240
2323
2188
2163
2286
2313
2204
2239
2263
2306
2133
2190
2347
2270
2133
2251
2386
2168
2112
2305
2370
2180
2208
2291
2215
2189
2306
2326
2102
2182
2398
2219
2064
2388
2396
1977
2329
2371
2044
2265
2405
2262
2025
2272
2436
2055
2201
2422
2171
2223
2223
2312
2231
2051
2542
2186
810
2083
4095
4095
0
14
4095
4095
13
4
4095
4095
21
0
4095
4095
14
818
4095
2050
0
3409
4095
562
0
4095
4095
163
19
4095
4095
35
12
4095
4095
35
0
4095
4095
24
0
4095
3674
8
2468
4095
1097
0
3869
4095
335
15
4095
4095
93
17
4095
4095
38
4
4095
4095
32
0
4095
4095
19
794
4095
2068
0
3378
4095
600
0
4095
4095
181
20
4095
4095
38
13
4095
4095
38
2
4095
4095
29
0
4095
3668
15
2482
4095
1086
0
3883
4095
334
15
4095
4095
101
18
4095
4095
33
11
4095
4095
38
0
4095
4095
24
838
4095
2050
7
3379
4095
606
0
4095
4095
186
24
4095
4095
44
18
4095
4095
34
8
4095
4095
33
0
4095
3641
20
2455
4095
1123
1
3864
4095
344
13
4095
4095
105
26
4095
4095
22
18
4095
4095
35
1
4095
4095
28
843
4095
2051
12
3368
4095
612
0
4095
4095
184
25
4095
4095
45
23
4095
4095
25
13
4095
4095
29
0
4095
3624
21
2461
4095
1116
4
3866
4095
432
1
4013
4095
745
28
3009
4095
2683
21
1612
4095
2690
2133
2251
1448
1945
3193
3015
1448
1259
2954
2955
1911
1804
2422
2486
2119
2178
2358
2167
2312
2407
2054
2161
2304
2351
2226
2294
2272
2088
2262
2316
2275
2220
2320
2192
2109
2318
2350
2164
2281
2299
2139
2195
2357
2284
2205
2234
2281
2223
2089
2401
2225
2284
2295
2094
2215
2347
2226
2282
2249
2298
2159
2095
2549
2107
2149
2330
2364
2096
2045
2489
2388
1985
2288
2312
2272
2150
2198
2488
2264
1987
2244
2461
2169
2091
2361
2442
1641
723
4095
4095
131
12
4095
4095
169
0
4095
4095
148
8
4095
4095
78
19
4095
4095
21
13
4095
4095
32
0
4095
4095
25
1480
4095
1635
9
3585
4095
493
0
4095
4095
154
20
4095
4095
38
17
4095
4095
28
6
4095
4095
29
76
4095
2999
21
2851
4095
890
2
3987
4095
276
1
4095
4095
87
25
4095
4095
9
18
4095
4095
35
3
4095
4095
31
1401
4095
1643
17
3592
4095
489
0
4095
4095
157
16
4095
4095
43
26
4095
4095
15
14
4095
4095
31
83
4095
2996
22
2840
4095
893
9
3992
4095
277
0
4095
4095
88
26
4095
4095
13
23
4095
4095
24
10
4095
4095
26
1416
4095
1626
18
3591
4095
487
1
4095
4095
153
6
4095
4095
46
24
4095
4095
0
19
4095
4095
27
89
4095
3033
20
2814
4095
892
9
3989
4095
279
0
4095
4095
89
18
4095
4095
20
22
4095
4095
9
15
4095
4095
25
1401
4095
1627
18
3575
4095
490
2
4095
4095
155
0
4095
4095
50
20
4095
4095
0
16
4095
4095
20
3
4095
4095
24
0
4095
4095
58
22
3591
3675
2172
2160
1925
1564
2563
3250
2131
1260
2255
3059
2356
1742
2025
2443
2623
2165
1929
2436
2240
2193
2297
2245
2333
2175
2169
2398
2164
2094
2451
2328
2069
2215
2334
2272
2196
2256
2289
2277
2166
2165
2365
2289
2234
2185
2259
2254
2180
2244
2361
2308
2123
2138
2407
2248
2067
2429
2308
2092
2239
2265
2319
2149
2257
2375
2147
2152
2270
2370
2204
2173
2347
2190
2131
2366
2213
2249
2378
2064
2247
2293
2201
2224
2341
2306
2084
2220
2352
981
1946
4095
4095
18
28
4095
4095
8
17
4095
4095
104
7
4095
4095
413
0
3618
4095
1761
23
963
4095
4095
26
0
4095
4095
21
20
4095
4095
24
15
4095
4095
152
4
4095
4095
551
0
3411
4095
2063
18
721
4095
4095
24
0
4095
4095
23
24
4095
4095
33
22
4095
4095
153
14
4095
4095
561
0
3402
4095
2091
19
682
4095
4095
31
0
4095
4095
30
14
4095
4095
39
17
4095
4095
146
6
4095
4095
540
0
3453
4095
2009
6
776
4095
4095
23
0
4095
4095
25
16
4095
4095
36
22
4095
4095
139
15
4095
4095
558
0
3410
4095
2093
13
710
4095
4095
31
0
4095
4095
37
14
4095
4095
44
20
4095
4095
149
14
4095
4095
568
0
3406
4095
2071
4
758
4095
4095
26
0
4095
4095
27
6
4095
4095
37
18
4095
4095
124
14
4095
4095
529
0
3469
4095
2009
0
775
4095
4095
28
0
4095
4095
30
10
4095
4095
46
26
4095
4095
136
21
4095
4095
549
3
3450
4095
2011
1
814
4095
4095
30
0
4095
4095
42
0
4095
4095
1287
18
1455
3535
3867
2405
665
1568
3422
2983
1900
1489
2256
2799
2405
2106
2224
1918
2346
2851
2042
1707
2500
2702
2019
1943
2438
2504
2120
2016
2446
2473
1894
2147
2717
2260
1760
2389
2576
2006
2093
2489
2431
2085
1881
2595
2578
1638
2179
3007
1838
1779
2744
2480
1747
2187
2723
2223
1732
2330
2868
1863
1865
2706
2381
1703
2359
2666
2003
2018
2506
2334
1955
2259
2537
2112
2086
2354
2329
2018
2302
2416
2143
2185
2216
2324
2247
2163
2266
2380
2073
1778
1009
3917
4095
533
20
2300
4095
4095
16
25
4095
4095
117
22
3258
4095
4095
16
20
4095
4095
363
15
1143
4095
4095
16
18
4095
4095
736
16
74
4095
4095
24
26
4095
4095
1572
22
10
4095
4095
50
21
4051
4095
3305
16
7
4095
4095
87
17
3634
4095
4095
13
20
4095
4095
181
25
2730
4095
4095
19
22
4095
4095
364
22
1300
4095
4095
24
20
4095
4095
753
15
53
4095
4095
24
23
4095
4095
1523
19
9
4095
4095
48
26
4064
4095
3288
22
6
4095
4095
97
19
3643
4095
4095
18
13
4095
4095
184
19
2784
4095
4095
18
21
4095
4095
364
26
1242
4095
4095
28
22
4095
4095
806
19
15
4095
4095
30
18
4095
4095
1639
16
0
4095
4095
49
28
4060
4095
3294
23
2
4095
4095
100
24
3621
4095
4095
21
5
4095
4095
199
20
2716
4095
4095
19
12
4095
4095
367
24
1234
4095
4095
26
24
4095
4095
800
26
17
4095
4095
37
16
4095
4095
1656
18
0
4095
4095
49
23
4076
4095
3242
19
0
4095
4095
84
29
3706
4095
3065
27
505
3545
4022
2423
1028
1202
2939
3636
1981
1109
2252
2879
2401
2121
2080
2127
2335
2482
2216
1975
2303
2557
2230
1923
2286
2424
2169
2270
2418
2037
2088
2473
2268
2148
2286
2331
2149
2129
2388
2309
2128
2295
2327
2129
2108
2399
2349
2197
2164
2234
2279
2184
2246
2427
2125
2195
2361
2094
2210
2323
2352
2235
2079
2245
2394
2095
2180
2568
2188
1898
2325
2450
2211
2121
2345
2298
2030
2213
2446
2247
2173
2211
2355
2166
2007
2526
2353
2042
2226
2388
905
1877
4095
3934
16
15
4095
4095
0
15
4095
4095
6
19
4095
3946
20
2036
4095
1252
16
3791
4095
363
0
4095
4095
118
0
4095
4095
39
19
4095
4095
0
13
4095
4095
21
471
4095
2359
21
3153
4095
694
10
4085
4095
232
0
4095
4095
81
3
4095
4095
23
15
4095
4095
2
9
4095
4095
22
2039
4095
1268
20
3751
4095
388
5
4095
4095
132
0
4095
4095
49
18
4095
4095
6
19
4095
4095
18
461
4095
2389
28
3152
4095
690
19
4078
4095
239
0
4095
4095
85
1
4095
4095
30
20
4095
4095
0
14
4095
4095
27
2059
4095
1274
27
3742
4095
380
13
4095
4095
132
0
4095
4095
51
18
4095
4095
13
23
4095
4095
9
458
4095
2410
32
3152
4095
681
23
4074
4095
228
9
4095
4095
84
0
4095
4095
30
24
4095
4095
0
19
4095
4095
23
2055
4095
1287
24
3737
4095
372
15
4095
4095
129
0
4095
4095
50
11
4095
4095
11
26
4095
4095
0
449
4095
2430
29
3151
4095
684
20
4068
4095
276
8
4095
4095
510
0
3501
4095
2340
21
1571
4095
2787
2011
2127
1581
1983
3149
2781
1589
1524
2666
3041
1899
1683
2426
2621
2275
1898
2300
2375
2201
2289
2245
2221
2178
2248
2381
2158
2215
2377
2104
2243
2334
2172
2307
2278
2212
2165
2233
2313
2236
2231
2304
2238
2103
2335
2270
2167
2283
2328
2212
2104
2283
2319
2265
2203
2207
2284
2200
2254
2256
2294
2261
2122
2240
2381
2160
2166
2403
2260
2162
2095
2367
2316
2116
2379
2222
2126
2292
2227
2286
2247
2254
2255
2135
2276
2322
2155
1853
950
4092
4095
223
24
4024
4095
769
21
2769
4095
3532
11
17
4095
4095
0
12
4095
4095
47
0
4095
4095
123
0
4095
4095
416
20
3630
4095
1601
20
1287
4095
4095
10
24
4095
4095
0
19
4095
4095
47
9
4095
4095
133
0
4095
4095
442
26
3605
4095
1640
27
1241
4095
4095
19
20
4095
4095
4
15
4095
4095
49
5
4095
4095
138
0
4095
4095
444
16
3610
4095
1647
19
1234
4095
4095
13
17
4095
4095
0
18
4095
4095
38
10
4095
4095
131
0
4095
4095
440
19
3621
4095
1632
24
1262
4095
4095
21
21
4095
4095
6
23
4095
4095
44
12
4095
4095
139
0
4095
4095
453
16
3605
4095
1664
25
1227
4095
4095
21
12
4095
4095
6
17
4095
4095
36
7
4095
4095
136
0
4095
4095
451
7
3607
4095
1676
22
1203
4095
4095
23
16
4095
4095
9
23
4095
4095
31
17
4095
4095
140
0
4095
4095
454
11
3609
4095
1672
29
1245
4095
4095
26
9
4095
4095
16
20
4095
4095
32
11
4095
4095
131
0
4095
4095
972
0
1304
4095
4095
34
0
3234
3924
3088
1667
331
2126
4095
2976
75
1349
4095
3308
852
1294
3163
2857
2098
1735
2229
2355
2600
2311
1844
2020
2897
2447
1614
1983
2886
2419
1800
2050
2727
2247
1895
2227
2554
2217
2159
2145
2286
2344
2286
2059
2245
2514
2131
1898
2459
2587
2041
1811
2692
2468
1703
2274
2638
2215
1971
2266
2381
2131
2312
2307
2027
2386
2500
1853
2107
2713
2377
1633
2327
2847
1889
1836
2718
2426
1831
2170
2647
2100
1990
2488
2467
1877
2244
2440
2104
1004
2277
4095
3218
22
318
4095
4095
14
110
4095
4095
0
522
4095
2944
14
2736
4095
904
25
3964
4095
236
19
4095
4095
100
0
4095
4095
42
3
4095
4095
13
26
4095
4095
0
1349
4095
1688
24
3534
4095
477
20
4095
4095
154
8
4095
4095
61
0
4095
4095
26
17
4095
4095
0
52
4095
3258
3
2757
4095
885
25
3973
4095
232
16
4095
4095
95
0
4095
4095
40
0
4095
4095
15
19
4095
4095
0
1353
4095
1709
16
3529
4095
496
20
4095
4095
153
7
4095
4095
65
0
4095
4095
30
4
4095
4095
5
50
4095
3257
0
2737
4095
927
25
3951
4095
249
16
4095
4095
99
2
4095
4095
45
0
4095
4095
22
15
4095
4095
0
1332
4095
1719
7
3533
4095
499
21
4095
4095
142
13
4095
4095
71
0
4095
4095
37
0
4095
4095
12
64
4095
3218
0
2749
4095
922
21
3963
4095
256
22
4095
4095
92
8
4095
4095
50
0
4095
4095
28
10
4095
4095
7
1315
4095
1745
4
3521
4095
515
29
4095
4095
176
18
4095
4095
377
5
3718
4095
2136
0
1758
4095
2716
2171
2086
1526
2065
3113
2768
1518
1508
2840
3023
1858
1674
2373
2632
2227
2116
2284
2117
2346
2340
2123
2209
2337
2246
2195
2213
2272
2219
2261
2405
2182
2041
2265
2445
2186
2094
2390
2279
2053
2285
2343
2135
2205
2469
2190
2001
2324
2409
2143
2186
2336
2292
2064
2242
2429
2117
2264
2299
2129
2279
2252
2296
2206
2225
2389
1993
2201
2538
2102
2214
2331
2152
2237
2144
2439
2301
1990
2379
2319
2088
2197
2373
2343
2065
2217
2394
1618
866
4095
4095
690
0
478
4095
4095
42
0
4028
4095
4095
16
13
3791
4095
4095
11
17
3445
4095
4095
22
19
3578
4095
4095
32
1
3512
4095
4095
52
0
3472
4095
4095
18
9
3556
4095
4095
7
22
3449
4095
4095
30
24
3440
4095
4095
40
0
3457
4095
4095
40
0
3426
4095
4095
13
16
3499
4095
4095
19
22
3451
4095
4095
30
15
3496
4095
4095
33
0
3531
4095
4095
42
4
3479
4095
4095
15
12
3548
4095
4095
13
17
3529
4095
4095
27
21
3497
4095
4095
40
0
3495
4095
4095
44
0
3467
4095
4095
4
14
3608
4095
4095
12
24
3553
4095
4095
35
16
3506
4095
4095
32
0
3571
4095
4095
37
4
3600
4095
4095
6
19
3569
4095
4095
21
17
3524
4095
4095
30
11
3584
4095
4095
37
0
3501
4095
4095
43
6
3525
4095
4095
0
12
3646
4095
4095
16
24
3481
4095
4095
36
15
3493
4095
4095
40
0
3623
4095
4095
30
4
3580
4095
4095
0
19
3568
4095
4095
26
25
3523
4095
4095
35
1
3709
4095
4095
20
0
4095
4095
538
12
2300
4095
3143
1106
1212
2467
2981
2623
1916
1663
2343
2791
2383
1877
2018
2436
2442
2279
2192
2094
2237
2457
2209
2139
2262
2336
2327
2053
2295
2290
2282
2287
2129
2278
2301
2209
2280
2215
2249
2280
2168
2304
2207
2271
2312
2144
2319
2173
2235
2346
2141
2357
2213
2138
2330
2287
2190
2199
2274
2341
2157
2198
2345
2209
2227
2231
2302
2205
2212
2354
2148
2267
2283
2149
2293
2278
2237
2204
2258
2305
2183
2216
2341
2210
2183
2250
2337
2257
2033
2437
1018
1935
4095
4095
32
0
4095
4095
38
0
4095
4095
87
21
4095
4095
359
14
3638
4095
1706
2
1091
4095
4095
0
14
4095
4095
30
0
4095
4095
51
0
4095
4095
141
30
4095
4095
491
22
3449
4095
1975
11
855
4095
4095
0
18
4095
4095
33
2
4095
4095
62
0
4095
4095
151
25
4095
4095
505
20
3421
4095
2030
7
801
4095
4095
0
13
4095
4095
29
0
4095
4095
54
0
4095
4095
147
21
4095
4095
504
20
3429
4095
2007
10
820
4095
4095
0
21
4095
4095
27
9
4095
4095
58
0
4095
4095
150
23
4095
4095
510
28
3412
4095
2012
17
813
4095
4095
0
13
4095
4095
26
4
4095
4095
61
0
4095
4095
153
15
4095
4095
517
19
3409
4095
2022
12
793
4095
4095
0
20
4095
4095
18
11
4095
4095
57
0
4095
4095
154
16
4095
4095
521
26
3411
4095
2020
21
787
4095
4095
9
20
4095
4095
20
11
4095
4095
67
0
4095
4095
161
11
4095
4095
532
21
3405
4095
2037
19
761
4095
4095
0
16
4095
4095
16
7
4095
4095
728
0
1922
3514
3464
2388
1160
1332
2965
3534
1917
1237
2300
2802
2489
2032
1970
2317
2528
2266
2059
2126
2480
2314
2158
2339
2149
2158
2331
2353
2276
2076
2291
2371
2105
2227
2401
2255
2141
2229
2360
2142
2241
2461
2037
2302
2316
2103
2283
2278
2321
2283
2111
2264
2296
2187
2273
2367
2215
2060
2409
2294
2001
2408
2375
2042
2283
2319
2224
2165
2343
2288
2184
2245
2192
2289
2347
2134
2274
2302
2139
2259
2297
2224
2340
2302
2024
2228
2558
2112
2001
1963
1123
4095
4095
103
0
4095
4095
103
26
4095
4095
74
24
4095
4095
53
11
4095
4095
36
0
4095
4095
21
60
4095
3244
4
2696
4095
975
3
3933
4095
286
28
4095
4095
64
22
4095
4095
48
8
4095
4095
29
0
4095
4095
14
1397
4095
1687
0
3536
4095
526
15
4095
4095
153
22
4095
4095
46
13
4095
4095
35
0
4095
4095
19
18
4095
3422
4
2632
4095
999
0
3934
4095
289
23
4095
4095
72
18
4095
4095
36
9
4095
4095
27
0
4095
4095
15
1053
4095
1898
0
3461
4095
549
2
4095
4095
161
19
4095
4095
27
11
4095
4095
35
0
4095
4095
22
4
4095
3400
7
2653
4095
1000
0
3930
4095
298
14
4095
4095
83
16
4095
4095
29
6
4095
4095
33
0
4095
4095
20
1105
4095
1833
6
3507
4095
537
0
4095
4095
166
21
4095
4095
38
13
4095
4095
34
1
4095
4095
28
0
4095
3425
14
2621
4095
1023
0
3919
4095
314
8
4095
4095
92
19
4095
4095
22
13
4095
4095
37
0
4095
4095
24
0
4095
4095
15
19
4095
4095
4
213
3846
2878
2329
2684
1523
1238
3159
3276
1536
1514
2681
2621
2104
2281
2067
2008
2767
2548
1479
2243
2984
1952
1851
2641
2487
1731
2171
2913
1990
1741
2811
2447
1597
2333
2802
1996
1863
2656
2398
1712
2479
2547
1888
2198
2537
2146
2041
2439
2399
1979
2205
2628
1961
2073
2643
2119
2021
2481
2319
1892
2274
2662
2081
1969
2481
2282
2026
2313
2382
2179
2079
2414
2288
1984
2405
2305
2148
2255
2265
2234
2199
2370
2171
2163
2457
2018
2197
2524
2026
819
2602
4095
4095
0
13
4095
4095
93
0
4029
4095
3204
5
12
4095
4095
125
0
3452
4095
4095
14
9
4095
4095
277
0
2273
4095
4095
18
5
4095
4095
553
0
484
4095
4095
31
10
4095
4095
1151
0
16
4095
4095
58
2
4095
4095
2392
0
12
4095
4095
82
0
3911
4095
4052
0
19
4095
4095
152
0
3312
4095
4095
4
16
4095
4095
285
0
2129
4095
4095
15
6
4095
4095
580
0
521
4095
4095
19
11
4095
4095
1161
0
27
4095
4095
46
11
4095
4095
2360
0
13
4095
4095
82
4
3929
4095
4001
0
15
4095
4095
143
3
3299
4095
4095
0
20
4095
4095
301
8
1974
4095
4095
4
17
4095
4095
594
0
513
4095
4095
10
11
4095
4095
1188
0
22
4095
4095
29
16
4095
4095
2446
0
22
4095
4095
70
15
3929
4095
4015
0
16
4095
4095
140
6
3302
4095
4095
0
16
4095
4095
286
7
2049
4095
4095
0
21
4095
4095
560
9
552
4095
4095
1
13
4095
4095
1147
3
19
4095
4095
16
13
4095
4095
2020
0
78
4095
4095
165
16
2420
4095
3426
1090
731
2649
3403
2319
1691
1884
2473
2681
2257
1930
1953
2501
2683
2140
1847
2204
2574
2290
2103
2276
2228
2285
2128
2287
2439
2125
2064
2519
2283
1838
2326
2698
2140
1851
2413
2481
2011
2035
2652
2381
1764
2274
2528
2233
1972
2341
2562
2053
1938
2412
2591
2083
1884
2555
2470
1793
2136
2726
2359
1715
2218
2762
2079
1783
2559
2593
2017
1867
2504
2531
1968
1988
2627
2446
1782
2033
2721
2537
1555
2200
2864
2096
1762
2366
2777
1601
431
4095
4095
184
10
4095
4095
650
0
3145
4095
2763
10
99
4095
4095
24
0
4095
4095
33
11
4095
4095
79
20
4095
4095
321
13
3813
4095
1305
0
1932
4095
4095
4
17
4095
4095
30
0
4095
4095
43
13
4095
4095
98
27
4095
4095
337
22
3775
4095
1353
5
1872
4095
4095
2
10
4095
4095
27
0
4095
4095
46
0
4095
4095
101
20
4095
4095
335
14
3760
4095
1371
0
1845
4095
4095
0
15
4095
4095
27
1
4095
4095
41
0
4095
4095
98
26
4095
4095
332
22
3758
4095
1369
10
1849
4095
4095
0
17
4095
4095
33
2
4095
4095
52
0
4095
4095
106
27
4095
4095
346
20
3745
4095
1373
9
1844
4095
4095
0
14
4095
4095
24
1
4095
4095
43
0
4095
4095
101
20
4095
4095
338
20
3755
4095
1340
11
1884
4095
4095
0
22
4095
4095
23
12
4095
4095
47
0
4095
4095
108
22
4095
4095
348
26
3744
4095
1344
19
1871
4095
4095
0
18
4095
4095
19
7
4095
4095
51
0
4095
4095
111
7
4095
4095
756
18
1770
4095
4095
26
160
3297
3662
2733
1766
1079
2206
3409
2724
1439
1615
2653
2957
2173
1664
2269
2557
2224
2280
2217
2134
2377
2353
2068
2212
2349
2330
2270
2131
2264
2244
2274
2239
2368
2164
2171
2358
2169
2207
2418
2141
2202
2366
2129
2223
2343
2258
2311
2080
2272
2369
2092
2306
2396
2104
2229
2405
2001
2293
2433
2204
2177
2215
2305
2271
2155
2289
2398
2091
2139
2451
2200
2107
2371
2314
2072
2314
2266
2114
2446
2249
2175
2192
2243
2311
2222
2201
2373
2253
2082
913
2386
4095
4095
18
25
4095
4095
79
25
3951
4095
3394
16
18
4095
4095
99
15
3328
4095
4095
8
23
4095
4095
260
17
2004
4095
4095
13
25
4095
4095
528
21
463
4095
4095
23
23
4095
4095
1179
17
7
4095
4095
30
16
4095
4095
2512
13
20
4095
4095
59
24
3856
4095
4095
19
20
4095
4095
128
24
3237
4095
4095
15
18
4095
4095
258
16
2010
4095
4095
13
23
4095
4095
543
18
455
4095
4095
25
28
4095
4095
1123
24
0
4095
4095
39
19
4095
4095
2376
15
5
4095
4095
64
22
3879
4095
3976
19
14
4095
4095
113
24
3449
4095
4095
23
16
4095
4095
259
21
2040
4095
4095
21
14
4095
4095
454
18
840
4095
4095
20
27
4095
4095
1115
27
0
4095
4095
45
27
4095
4095
2267
20
0
4095
4095
68
19
3899
4095
4007
17
4
4095
4095
137
22
3301
4095
4095
22
16
4095
4095
239
28
2197
4095
4095
26
13
4095
4095
543
17
590
4095
4095
23
20
4095
4095
1101
22
0
4095
4095
43
23
4095
4095
1865
28
66
4095
4095
227
23
2468
4095
3397
1375
586
2467
3664
2477
1477
1759
2516
2756
2333
1832
2028
2583
2468
2056
2069
2392
2256
2204
2400
2211
1990
2337
2522
2184
2003
2317
2524
2006
2139
2586
2183
2034
2363
2324
2166
2149
2346
2409
2100
2152
2433
2104
2235
2492
2060
2152
2519
2096
2094
2461
2234
2206
2150
2318
2364
2050
2316
2461
2047
2143
2508
2156
2054
2486
2331
1986
2239
2416
2210
2113
2322
2399
2070
2142
2502
2128
2105
2422
2279
2063
2249
2375
2181
2154
2377
1841
679
3974
4095
459
17
2633
4095
4095
16
16
4095
4095
119
26
3287
4095
4095
23
18
4095
4095
375
20
1118
4095
4095
21
16
4095
4095
744
19
59
4095
4095
29
22
4095
4095
1533
24
0
4095
4095
54
25
4057
4095
3257
23
0
4095
4095
96
18
3654
4095
4095
15
1
4095
4095
178
22
2829
4095
4095
25
13
4095
4095
389
26
1186
4095
4095
29
15
4095
4095
769
20
38
4095
4095
33
14
4095
4095
1616
18
0
4095
4095
52
26
4070
4095
3249
27
0
4095
4095
103
22
3672
4095
4095
21
0
4095
4095
187
26
2830
4095
4095
23
0
4095
4095
378
26
1271
4095
4095
30
6
4095
4095
821
28
14
4095
4095
45
4
4095
4095
1692
21
0
4095
4095
55
13
4080
4095
3238
22
0
4095
4095
99
21
3692
4095
4095
28
0
4095
4095
193
20
2833
4095
4095
24
0
4095
4095
398
20
1181
4095
4095
29
0
4095
4095
802
34
42
4095
4095
47
0
4095
4095
1650
25
0
4095
4095
60
2
4081
4095
3231
20
0
4095
4095
100
10
3651
4095
3342
29
265
3930
4092
2185
886
1603
2778
3147
2443
1351
1853
2809
2715
1924
1809
2491
2626
2049
1995
2389
2225
2230
2449
2274
1968
2172
2535
2243
2079
2294
2423
2069
2119
2483
2210
2106
2327
2431
2008
2024
2589
2331
2051
2243
2353
2063
2198
2524
2249
2002
2277
2474
1980
2137
2514
2333
2018
2162
2483
2129
2068
2456
2463
1901
2158
2535
2086
2138
2444
2437
1889
2086
2580
2262
2034
2336
2446
2026
2059
2461
2382
1981
2323
2507
1935
2072
2536
2324
2060
2259
981
2133
4095
4095
32
0
4095
4095
143
16
3665
4095
4095
18
0
4095
4095
198
21
2481
4095
4095
31
0
4095
4095
492
26
704
4095
4095
35
0
4095
4095
979
20
0
4095
4095
42
0
4095
4095
2037
22
0
4095
4095
67
7
4022
4095
3532
27
0
4095
4095
128
9
3507
4095
4095
23
0
4095
4095
235
10
2366
4095
4095
26
0
4095
4095
481
21
779
4095
4095
35
0
4095
4095
915
24
5
4095
4095
50
0
4095
4095
2016
20
0
4095
4095
67
0
4000
4095
3697
24
3
4095
4095
122
3
3538
4095
4095
31
0
4095
4095
245
1
2523
4095
4095
28
0
4095
4095
470
10
786
4095
4095
33
0
4095
4095
970
20
11
4095
4095
52
0
4095
4095
2081
20
0
4095
4095
75
0
3982
4095
3799
22
5
4095
4095
131
0
3486
4095
4095
30
1
4095
4095
252
0
2329
4095
4095
36
0
4095
4095
516
0
695
4095
4095
33
0
4095
4095
1036
7
17
4095
4095
53
0
4095
4095
2125
18
4
4095
4095
79
0
3942
4095
3125
11
8
4095
4095
279
0
2386
4095
3440
1448
845
2288
3264
2874
1470
1633
2641
2652
2353
1917
2019
2406
2512
2262
2024
2120
2441
2370
2111
2244
2265
2260
2247
2263
2163
2254
2409
2180
2183
2223
2309
2226
2203
2371
2233
2140
2241
2352
2150
2232
2371
2197
2168
2292
2227
2189
2413
2193
2136
2279
2255
2302
2188
2251
2322
2241
2093
2293
2346
2113
2355
2291
2108
2226
2307
2221
2311
2233
2171
2315
2211
2203
2289
2290
2191
2272
2191
2203
2385
2153
2270
2293
2142
2240
2262
2265
2297
2239
2190
2263
2187
2231
2292
2342
2182
2141
2346
2185
2255
2285
2224
2292
2176
2223
2260
2257
2266
2282
2142
2241
2305
2194
2245
2309
2287
2121
2256
2245
2235
2332
2172
2309
2231
2125
2276
2303
2184
2358
2219
2077
2360
2215
2208
2327
2237
2213
2226
2214
2262
2354
2159
2239
2316
2124
2209
2377
2178
2260
2362
2011
2262
2383
2158
2265
2315
2229
2177
2215
2244
2326
2230
2189
2312
2168
2186
2380
2257
2080
2401
2269
2041
2323
2341
2183
2249
2294
2125
2210
2302
2331
2218
2170
2361
2160
2126
2374
2319
2127
2283
2356
2042
2190
2449
2225
2136
2314
2234
2225
2189
2270
2456
2040
2167
2447
2095
2226
2387
2211
2187
2280
2228
2171
2274
2368
2239
2132
2271
2275
2229
2168
2383
2326
2035
2296
2320
2172
2236
2329
2285
2097
2217
2434
2164
2122
2506
2162
2060
2356
2307
2162
2245
2414
2177
2101
2243
2381
2259
2125
2391
2292
2022
2276
2439
2081
2252
2393
2148
2121
2346
2378
2013
2337
2417
2033
2233
2349
2251
2194
2279
2282
2099
2255
2375
2167
2221
2302
2309
2152
2028
2562
2241
2009
2468
2193
2171
2181
2238
2451
2187
2158
2084
2303
2609
1943
2039
2595
2214
2114
2129
2391
2337
2017
2561
2171
1653
2522
2887
2041
1318
2524
3338
1898
1138
2376
3365
2406
1110
1995
3011
2659
1755
1807
2397
2676
2218
2025
1840
2604
2595
2141
1632
2326
2764
2243
1738
2318
2552
2248
1725
2495
2489
2142
2082
2245
2357
2326
1904
2419
2390
2177
1995
2330
2510
2064
2041
2503
2256
2161
2064
2467
2316
2037
2269
2424
1973
2328
2320
2182
2265
2375
2037
2196
2471
2158
2087
2566
2130
2024
2370
2486
2133
1936
2506
2546
1784
2166
2723
2151
1945
2332
2584
1995
1940
2581
2486
1887
2176
2398
2259
2186
2175
2236
2536
2090
1942
2503
2496
1897
2119
2675
2238
1787
2272
2759
2053
1886
2389
2591
1950
2005
2661
2325
1866
2222
2614
2114
1938
2382
2530
2103
2007
2283
2479
2171
1985
2504
2477
1799
2088
2770
2224
1726
2461
2605
1915
2034
2496
2546
1876
1954
2875
2206
1540
2594
2820
1752
1932
2672
2368
1826
2241
2671
2165
1857
2337
2694
1909
1929
2759
2322
1741
2335
2653
1993
2033
2542
2367
1856
2235
2656
2135
1935
2438
2544
1842
2106
2746
2118
1915
2530
2383
1923
2180
2541
2346
1867
2326
2643
1848
2152
2592
2285
2009
2117
2603
2141
1944
2600
2330
1912
2306
2430
2126
2162
2460
2234
2038
2357
2217
2259
2214
2194
2460
2037
2176
2480
2076
2175
2465
2181
2151
2272
2287
2204
2211
2367
2156
2155
2294
2316
2236
2132
2376
2181
2142
2395
2171
2181
2368
2269
2104
2212
2314
2283
2225
2207
2246
2250
2270
2212
2215
2251
2329
2151
2129
2438
2229
2056
2410
2313
2004
2324
2356
2115
2233
2404
2261
1919
2392
2489
1911
2287
2588
1935
2069
2587
2224
1990
2345
2454
2050
2135
2493
2159
2111
2443
2236
2046
2347
2323
2142
2328
2223
2256
2230
2121
2425
2303
1985
2394
2503
1884
2130
2627
2154
2055
2481
2173
1999
2522
2298
2080
2255
2307
2336
2039
2207
2576
2139
1958
2514
2303
1954
2333
2498
2088
2073
2498
2214
2041
2291
2396
2269
2066
2305
2357
1983
2285
2600
2000
2071
2537
2197
2012
2333
2502
2082
2032
2440
2303
2027
2293
2535
2047
1973
2528
2324
1939
2400
2489
1979
2112
2453
2227
2073
2429
2321
2010
2273
2347
2179
2232
2329
2236
2184
2195
2273
2319
2209
2262
2212
2167
2277
2265
2248
2309
2258
2046
2271
2416
2109
2227
2477
2094
2036
2414
2327
2106
2216
2469
2156
1975
2424
2333
2186
2191
2332
2287
1963
2350
2499
2058
2159
2416
2155
2091
2362
2420
2123
2130
2419
2145
2124
2347
2372
2244
2020
2338
2367
1997
2317
2515
2045
2140
2387
2228
2187
2219
2464
2127
2035
2426
2268
2148
2272
2363
2226
2014
2297
2457
2105
2248
2413
2142
2073
2281
2464
2189
2118
2379
2211
2068
2312
2471
2120
2108
2423
2260
2025
2298
2474
2176
2140
2241
2238
2269
2200
2365
2337
2023
2179
2403
2220
2214
2338
2241
2192
2126
2303
2391
2172
2143
2403
2266
1978
2316
2498
2186
1958
2437
2432
1920
2223
2532
2360
1874
2221
2586
2005
2075
2579
2375
1972
2014
2490
2466
1884
2342
2520
2054
2049
2318
2527
2081
2039
2537
2296
1865
2234
2683
2219
1832
2356
2566
2004
1989
2644
2394
1886
2108
2539
2315
1913
2300
2609
2160
1841
2327
2573
2212
1938
2355
2536
1998
1961
2598
2485
1822
2150
2640
2229
1789
2391
2743
1941
1869
2493
2506
2103
1873
2625
2488
1878
1977
2540
2615
1893
1877
2783
2418
1653
2153
2792
2393
1604
2283
2744
2053
2052
2309
2365
2211
2239
2210
2130
2352
2408
2088
2176
2269
2240
2283
2347
2148
2104
2373
2419
2005
2135
2457
2353
2077
2136
2376
2275
2197
2208
2268
2316
2132
2259
2323
2189
2261
2253
2172
2311
2211
2221
2324
2185
2271
2164
2261
2322
2159
2289
2237
2238
2263
2175
2296
2253
2164
2341
2202
2228
2286
2162
2345
2202
2190
2300
2215
2319
2182
2203
2305
2231
2203
2260
2302
2189
2216
2321
2214
2195
2295
2210
2248
2274
2228
2228
2232
2325
2160
2208
2308
2255
2229
2213
2323
2191
2151
2336
2281
2167
2269
2281
2175
2287
2223
2239
2267
2230
2290
2176
2213
2334
2231
2201
2279
2184
2236
2278
2323
2216
2100
2398
2198
2159
2325
2185
2324
2282
2131
2226
2286
2237
2238
2303
2236
2160
2251
2272
2248
2307
2140
2284
2265
2139
2374
2210
2197
2349
2203
2120
2295
2322
2213
2266
2242
2229
2174
2225
2349
2275
2188
2235
2246
2205
2288
2210
2288
2262
2194
2271
2136
2322
2315
2145
2295
2225
2173
2280
2282
2280
2224
2181
2271
2191
2282
2273
2233
2320
2115
2299
2197
2176
2451
2202
2154
2290
2199
2243
2296
2229
2306
2165
2190
2330
2207
2236
2262
2272
2179
2224
2268
2221
2331
2233
2207
2200
2255
2245
2229
2315
2254
2203
2193
2222
2305
2260
2194
2364
2175
2160
2386
2070
2344
2398
2009
2325
2275
2127
2352
2259
2173
2362
2114
2172
2432
2191
2166
2378
2190
2100
2400
2138
2213
2476
2078
2214
2289
2139
2351
2255
2209
2313
2153
2199
2347
2193
2229
2293
2244
2167
2218
2346
2207
2225
2299
2233
2122
2249
2404
2185
2210
2271
2213
2201
2191
2353
2296
2129
2302
2250
2079
2328
2340
2170
2229
2304
2194
2100
2381
2291
2174
2248
2196
2306
2170
2212
2411
2181
2109
2379
2213
2122
2357
2323
2157
2189
2293
2160
2242
2345
2281
2165
2137
2344
2210
2207
2310
2276
2191
2163
2322
2205
2209
2342
2197
2215
2223
2194
2330
2223
2276
2276
2089
2316
2248
2234
2290
2177
2382
2093
2169
2427
2075
2288
2376
2179
2235
2121
2248
2428
2168
2210
2284
2174
2216
2382
2225
2017
2476
2284
1985
2377
2305
2223
2211
2251
2276
2193
2193
2288
2311
2243
2228
2171
2160
2415
2361
1951
2295
2684
1993
1686
2634
2963
1667
1638
2816
2619
1944
1901
2370
2510
2385
2046
1900
2291
2728
2408
1927
1614
2505
3058
2196
1291
2004
3228
2922
1148
1294
3372
3209
1384
1394
2999
2508
2018
2196
2221
2037
2476
2560
1927
1709
2820
2706
1589
1840
2909
2412
1626
2304
2727
1960
2098
2308
2208
2332
2352
2035
2127
2517
2261
1895
2269
2668
2148
1737
2432
2660
1967
1870
2616
2481
1805
2118
2592
2275
2012
2301
2287
2174
2258
2174
2284
2330
2227
2112
2192
2338
2364
2033
2257
2458
2144
2035
2327
2523
2082
1944
2591
2343
1913
2212
2619
2158
1981
2386
2392
2002
2306
2434
2040
2333
2290
2030
2305
2433
2155
2138
2299
2383
2142
1989
2608
2407
1719
2403
2653
1889
2015
2677
2275
1885
2358
2437
2064
2213
2485
2154
2071
2373
2358
2039
2332
2441
1984
2237
2490
2119
1976
2471
2514
1946
2106
2518
2220
1993
2444
2449
1897
2169
2602
2121
2004
2507
2224
2063
2346
2336
2138
2147
2471
2246
2003
2283
2395
2148
2168
2421
2224
2001
2320
2446
2080
2186
2422
2183
2122
2299
2380
2135
2126
2379
2328
2012
2229
2516
2112
2128
2364
2262
2091
2254
2494
2107
2023
2487
2284
1956
2345
2451
2090
2121
2446
2293
1876
2441
2545
1888
2182
2558
2140
1965
2490
2454
1911
2119
2652
2142
1919
2615
2309
1867
2364
2529
2021
2024
2592
2373
1829
2290
2616
1900
2162
2658
2135
1946
2386
2521
1957
2162
2583
2102
2049
2448
2307
2066
2252
2451
2179
1967
2507
2370
1941
2413
2368
2039
2203
2410
2222
2130
2363
2283
2126
2209
2360
2247
2162
2322
2299
2071
2261
2411
2137
2157
2370
2224
2123
2294
2334
2159
2274
2212
2233
2262
2183
2294
2280
2209
2184
2307
2145
2204
2473
2135
2101
2456
2168
2131
2385
2196
2242
2243
2240
2317
2097
2258
2362
2215
2142
2275
2319
2076
2354
2471
1950
2137
2529
2117
2108
2391
2342
2128
2122
2392
2192
2121
2424
2350
2035
2163
2435
2208
2110
2384
2323
1961
2324
2563
1920
2115
2605
2254
1988
2315
2353
2104
2273
2443
2182
2018
2347
2345
2159
2236
2346
2256
2078
2308
2330
2132
2291
2365
2196
2080
2312
2325
2161
2277
2320
2140
2214
2296
2257
2297
2197
2269
2201
2199
2317
2279
2207
2252
2307
2061
2285
2349
2168
2339
2240
2198
2150
2268
2352
2225
2239
2287
2103
2221
2396
2230
2172
2210
2404
2110
2089
2540
2185
2112
2334
2315
2058
2120
2534
2291
2034
2253
2371
2038
2231
2491
2243
2022
2273
2405
2058
2237
2413
2265
2067
2201
2441
2089
2173
2517
2212
2003
2297
2321
2221
2253
2286
2349
1978
2194
2507
2161
2107
2378
2408
1907
2171
2595
2099
2127
2417
2255
2099
2088
2497
2404
1903
2326
2413
1974
2225
2471
2360
1952
2187
2499
2056
2173
2449
2315
2100
2133
2359
2261
2074
2372
2458
2063
2032
2360
2421
2060
2228
2518
2018
2034
2525
2272
2117
2267
2290
2301
1969
2281
2570
2047
2214
2355
2128
2137
2300
2486
2149
2061
2359
2255
2148
2248
2345
2368
2001
2161
2495
2089
2206
2388
2306
2112
2054
2418
2405
2062
2275
2369
2042
2219
2257
2399
2223
2146
2365
2101
2244
2274
2263
2363
2154
2139
2298
2233
2250
2243
2373
2187
2035
2391
2290
2182
2247
2335
2205
2037
2317
2412
2121
2334
2229
2183
2179
2300
2294
2206
2379
2111
2154
2324
2286
2125
2342
2319
2126
2120
2367
2381
2099
2188
2336
2334
2071
2199
2356
2384
2147
2062
2276
2437
2060
2201
2451
2297
1922
2235
2493
2275
1978
2332
2422
2101
2246
2216
2191
2323
2417
2168
1855
2468
2544
2015
2176
2278
2204
2343
2229
2173
2202
2341
2367
1985
2219
2403
2254
2216
2177
2310
2241
2169
2270
2296
2221
2236
2234
2199
2308
2220
2246
2245
2201
2289
2211
2234
2308
2197
2248
2280
2144
2299
2261
2231
2271
2201
2316
2132
2247
2336
2185
2250
2215
2299
2231
2175
2290
2252
2206
2276
2248
2205
2255
2264
2228
2203
2290
2206
2270
2282
2182
2256
2191
2336
2226
2139
2317
2248
2246
2220
2254
2240
2180
2324
2236
2156
2311
2253
2207
2240
2222
2254
2253
2240
2287
2223
